1 -1
2 3
3 -2
4 -1
5 2
6 -4
7 0
8 2
9 4
10 0
12 4
13 -2
14 -1
15 4
16 3
17 -4
18 6
19 -2
20 -1
21 -5
22 -3
23 -2
24 1
25 3
26 -8
27 3
28 3
29 -1
30 5
31 1
32 3
33 6
34 3
35 0
36 -1
37 5
38 4
39 5
40 1
41 6
42 4
43 3
44 -1
45 3
46 3
47 4
48 2
49 3
50 3
51 3
52 0
53 -1
55 4
56 -4
58 3
60 0
61 0
62 3
63 2
64 5
65 -3
66 5
68 4
69 3
70 1
71 2
72 1
73 -3
77 -1
83 7
86 1
94 8
104 5
105 8
106 3
109 3
110 3
121 0
122 1
123 1
124 3
131 -7
132 -1
140 -1
141 -1
142 8
143 -2
144 0
157 -3
160 0
161 6
162 5
163 -1
164 -2
165 0
166 2
167 -1
168 4
169 6
170 4
171 0
172 1
173 4
174 0
175 4
177 4
178 6
179 -8
180 -6
181 4
182 1
183 -1
184 -7
185 2
186 5
187 3
188 -3
189 1
190 1
191 -3
192 -2
193 3
194 -1
195 -4
196 3
200 -2
201 0
202 4
203 4
204 -8
205 5
206 2
207 -5
208 2
209 1
210 1
211 1
212 3
213 7
214 2
215 -7
216 6
217 2
219 3
221 6