248051 1
248052 3
248053 9
248054 2
248055 27
248056 3
248057 19
248058 14
248059 3
248060 8
248061 2
248062 3
248063 3
248064 1
248065 4
248066 4
248067 3
248068 1
248069 2
248070 2
248071 7
248072 1
248073 8
248074 10
248075 13
248076 1
248077 18
248078 2
248079 1
248080 4
248081 1
248082 12
248083 3
248084 20
248085 103
248086 4
248087 10
248088 3
248089 121
248090 54
248091 1
248092 68
248093 5
248094 3
248095 3
248096 1
248097 8
248098 2
248099 9
248100 27
248101 7
248102 19
248103 3
248104 1
248105 13
248106 8
248107 4
248108 2
248109 1
248110 1
248111 19
248112 103
248113 2
248114 3
248115 12
248116 62
248117 3
248118 1
248119 79
248120 81
248121 2
248122 51
248123 2
248124 20
248125 18
248126 9
248127 1
248128 2
248129 1
248130 26
248131 14
248132 1
248133 7
248134 2
248135 2
248136 1
248137 25
248138 2
248139 29
248140 42
248141 2
248142 2
248143 113
248144 23
248145 108
248146 2
248147 1
248148 19
248149 1
248150 2
248151 2
248152 6
248153 7
248154 5
248155 1
248156 9
248157 3
248158 10
248159 9
248160 3
248161 2
248162 2
248163 1
248164 6
248165 1
248166 1
248167 1
248168 1
248169 1
248170 1
248171 17
248172 1
248173 40
248174 27
248175 3
248176 15
248177 2
248178 3
248179 109
248180 19
248181 1
248182 1
248183 9
248184 100
248185 25
248186 77
248187 10
248188 2
248189 13
248190 1
248191 6
248192 25
248193 1
248194 18
248195 12
248196 20
248197 32
248198 47
248199 9
248200 2
248201 29
248202 7
248203 21
248204 64
248205 6
248206 7
248207 48
248208 113
248209 18
248210 40
248211 6
248212 2
248213 12
248214 1
248215 8
248216 1
248217 2
248218 15
248219 3
248220 3
248221 40
248222 17
248223 5
248224 12
248225 1
248226 1
248227 1
248228 22
248229 5
248230 1
248231 1
248232 92
248233 12
248234 13
248235 12
248236 6
248237 8
248238 5
248239 14
248240 1
248241 20
248242 14
248243 14
248244 13
248245 42
248246 3
248247 14
248248 1
248249 2
248250 2
248251 1
248252 6
248253 2
248254 26
248255 2
248256 1
248257 19
248258 1
248259 6
248260 1
248261 27
248262 1
248263 1
248264 52
248265 48
248266 1
248267 1
248268 19
248269 43
248270 4
248271 20
248272 1
248273 2
248274 3
248275 2
248276 4
248277 31
248278 55
248279 30
248280 2
248281 1
248282 16
248283 4
248284 2
248285 17
248286 1
248287 11
248288 3
248289 8
248290 13
248291 31
248292 15
248293 7
248294 24
248295 14
248296 25
248297 1
248298 1
248299 3
248300 6
248301 2
248302 6
248303 4
248304 1
248305 2
248306 1
248307 1
248308 1
248309 1
248310 1
248311 1
248312 24
248313 1
248314 8
248315 5
248316 9
248317 3
248318 3
248319 2
248320 2
248321 2
248322 52
248323 1
248324 1
248325 2
248326 3
248327 54
248328 3
248329 6
248330 22
248331 3
248332 1
248333 24
248334 9
248335 13
248336 12
248337 3
248338 8
248339 2
248340 2
248341 3
248342 8
248343 1
248344 1
248345 1
248346 19
248347 1
248348 5
248349 2
248350 24
248351 17
248352 10
248353 4
248354 1
248355 8
248356 3
248357 10
248358 3
248359 8
248360 11
248361 1
248362 1
248363 2
248364 8
248365 1
248366 14
248367 1
248368 3
248369 1
248370 27
248371 14
248372 22
248373 20
248374 8
248375 22
248376 3
248377 2
248378 6
248379 1
248380 3
248381 3
248382 10
248383 1
248384 1
248385 1
248386 1
248387 1
248388 5
248389 3
248390 11
248391 62
248392 6
248393 1
248394 22
248395 8
248396 15
248397 3
248398 2
248399 11
248400 1
248401 1
248402 1
248403 15
248404 4
248405 3
248406 3
248407 3
248408 3
248409 28
248410 16
248411 30
248412 2
248413 1
248414 8
248415 2
248416 7
248417 3
248418 21
248419 3
248420 1
248421 9
248422 4
248423 40
248424 1
248425 4
248426 45
248427 16
248428 18
248429 2
248430 4
248431 2
248432 3
248433 7
248434 2
248435 22
248436 2
248437 1
248438 2
248439 15
248440 2
248441 2
248442 19
248443 1
248444 2
248445 1
248446 1
248447 1
248448 5
248449 1
248450 2
248451 3
248452 5
248453 12
248454 1
248455 1
248456 1
248457 1
248458 3
248459 1
248460 4
248461 1
248462 1
248463 1
248464 5
248465 1
248466 2
248467 2
248468 1
248469 24
248470 9
248471 3
248472 3
248473 6
248474 3
248475 6
248476 8
248477 1
248478 1
248479 1
248480 2
248481 1
248482 4
248483 2
248484 1
248485 6
248486 3
248487 2
248488 6
248489 6
248490 1
248491 8
248492 3
248493 10
248494 1
248495 1
248496 2
248497 4
248498 2
248499 1
248500 1
248501 4
248502 1
248503 44
248504 1
248505 53
248506 6
248507 17
248508 1
248509 1
248510 5
248511 3
248512 5
248513 1
248514 1
248515 1
248516 2
248517 1
248518 1
248519 1
248520 7
248521 83
248522 1
248523 7
248524 21
248525 2
248526 32
248527 22
248528 19
248529 1
248530 14
248531 8
248532 1
248533 1
248534 4
248535 1
248536 4
248537 1
248538 3
248539 1
248540 1
248541 10
248542 12
248543 66
248544 11
248545 60
248546 1
248547 4
248548 1
248549 1
248550 2
248551 1
248552 3
248553 1
248554 1
248555 1
248556 1
248557 1
248558 3
248559 1
248560 23
248561 1
248562 20
248563 3
248564 3
248565 47
248566 3
248567 8
248568 41
248569 3
248570 29
248571 1
248572 3
248573 2
248574 2
248575 5
248576 5
248577 3
248578 3
248579 4
248580 20
248581 4
248582 2
248583 4
248584 1
248585 7
248586 3
248587 14
248588 19
248589 12
248590 2
248591 3
248592 1
248593 1
248594 2
248595 5
248596 1
248597 1
248598 18
248599 3
248600 5
248601 1
248602 71
248603 2
248604 12
248605 7
248606 2
248607 1
248608 5
248609 6
248610 3
248611 17
248612 9
248613 5
248614 45
248615 4
248616 9
248617 1
248618 1
248619 1
248620 2
248621 1
248622 1
248623 1
248624 3
248625 4
248626 3
248627 2
248628 5
248629 2
248630 2
248631 6
248632 13
248633 1
248634 4
248635 1
248636 5
248637 2
248638 10
248639 2
248640 1
248641 1
248642 1
248643 5
248644 1
248645 1
248646 1
248647 5
248648 6
248649 2
248650 2
248651 1
248652 20
248653 1
248654 2
248655 9
248656 1
248657 7
248658 8
248659 3
248660 2
248661 1
248662 3
248663 1
248664 1
248665 8
248666 2
248667 8
248668 5
248669 3
248670 1
248671 4
248672 1
248673 1
248674 1
248675 4
248676 2
248677 2
248678 1
248679 8
248680 1
248681 1
248682 4
248683 3
248684 2
248685 3
248686 4
248687 4
248688 1
248689 1
248690 4
248691 2
248692 25
248693 1
248694 6
248695 1
248696 3
248697 2
248698 1
248699 8
248700 3
248701 1
248702 1
248703 1
248704 2
248705 9
248706 11
248707 8
248708 1
248709 2
248710 1
248711 2
248712 1
248713 13
248714 1
248715 1
248716 1
248717 3
248718 1
248719 14
248720 4
248721 19
248722 11
248723 6
248724 1
248725 1
248726 3
248727 1
248728 1
248729 7
248730 1
248731 6
248732 2
248733 15
248734 1
248735 1
248736 1
248737 1
248738 6
248739 3
248740 6
248741 1
248742 1
248743 2
248744 1
248745 1
248746 1
248747 9
248748 74
248749 2
248750 3
248751 24
248752 65
248753 7
248754 1
248755 1
248756 3
248757 87
248758 56
248759 1
248760 38
248761 9
248762 28
248763 33
248764 9
248765 3
248766 32
248767 10
248768 21
248769 14
248770 3
248771 21
248772 1
248773 1
248774 16
248775 1
248776 2
248777 24
248778 31
248779 50
248780 9
248781 81
248782 2
248783 3
248784 4
248785 6
248786 4
248787 3
248788 2
248789 12
248790 2
248791 6
248792 29
248793 2
248794 7
248795 28
248796 121
248797 14
248798 16
248799 1
248800 2
248801 125
248802 73
248803 4
248804 97
248805 2
248806 14
248807 5
248808 12
248809 1
248810 4
248811 1
248812 3
248813 28
248814 52
248815 8
248816 8
248817 1
248818 2
248819 3
248820 1
248821 1
248822 8
248823 8
248824 2
248825 4
248826 19
248827 4
248828 2
248829 3
248830 2
248831 1
248832 2
248833 1
248834 1
248835 1
248836 1
248837 1
248838 4
248839 56
248840 125
248841 5
248842 11
248843 31
248844 116
248845 11
248846 3
248847 2
248848 1
248849 124
248850 120
248851 11
248852 113
248853 10
248854 61
248855 68
248856 23
248857 1
248858 14
248859 5
248860 7
248861 2
248862 88
248863 41
248864 6
248865 21
248866 25
248867 2
248868 6
248869 73
248870 41
248871 9
248872 7
248873 88
248874 108
248875 5
248876 4
248877 1
248878 4
248879 125
248880 87
248881 5
248882 123
248883 2
248884 22
248885 3
248886 6
248887 35
248888 2
248889 10
248890 17
248891 36
248892 16
248893 54
248894 3
248895 1
248896 5
248897 2
248898 1
248899 11
248900 29
248901 11
248902 46
248903 4
248904 14
248905 1
248906 1
248907 1
248908 2
248909 1
248910 3
248911 1
248912 2
248913 1
248914 2
248915 14
248916 8
248917 48
248918 1
248919 11
248920 1
248921 1
248922 1
248923 2
248924 1
248925 1
248926 5
248927 4
248928 1
248929 1
248930 1
248931 1
248932 2
248933 1
248934 2
248935 1
248936 2
248937 2
248938 1
248939 2
248940 3
248941 38
248942 1
248943 95
248944 2
248945 116
248946 14
248947 37
248948 5
248949 22
248950 125
248951 63
248952 2
248953 1
248954 11
248955 101
248956 125
248957 74
248958 124
248959 55
248960 2
248961 78
248962 5
248963 1
248964 33
248965 99
248966 17
248967 89
248968 83
248969 105
248970 51
248971 125
248972 73
248973 5
248974 4
248975 27
248976 61
248977 3
248978 10
248979 2
248980 8
248981 99
248982 21
248983 13
248984 106
248985 117
248986 18
248987 59
248988 9
248989 1
248990 10
248991 11
248992 16
248993 7
248994 15
248995 15
248996 11
248997 17
248998 49
248999 8
249000 2
249001 4
249002 1
249003 13
249004 1
249005 1
249006 2
249007 1
249008 5
249009 2
249010 2
249011 89
249012 2
249013 22
249014 1
249015 4
249016 125
249017 19
249018 4
249019 52
249020 47
249021 16
249022 19
249023 1
249024 22
249025 41
249026 3
249027 12
249028 44
249029 10
249030 66
249031 45
249032 81
249033 120
249034 55
249035 54
249036 5
249037 4
249038 6
249039 17
249040 2
249041 2
249042 1
249043 12
249044 1
249045 15
249046 1
249047 1
249048 1
249049 11
249050 1
249051 2
249052 8
249053 2
249054 28
249055 1
249056 49
249057 36
249058 1
249059 1
249060 1
249061 1
249062 33
249063 67
249064 3
249065 20
249066 1
249067 1
249068 1
249069 5
249070 1
249071 12
249072 6
249073 26
249074 1
249075 48
249076 68
249077 7
249078 5
249079 10
249080 3
249081 9
249082 4
249083 45
249084 4
249085 4
249086 8
249087 61
249088 8
249089 13
249090 63
249091 15
249092 29
249093 1
249094 4
249095 29
249096 2
249097 4
249098 2
249099 3
249100 1
249101 1
249102 39
249103 1
249104 1
249105 4
249106 1
249107 1
249108 1
249109 5
249110 4
249111 1
249112 1
249113 2
249114 3
249115 1
249116 1
249117 1
249118 1
249119 1
249120 2
249121 5
249122 73
249123 1
249124 5
249125 24
249126 1
249127 1
249128 23
249129 21
249130 17
249131 2
249132 2
249133 11
249134 8
249135 1
249136 1
249137 99
249138 3
249139 2
249140 1
249141 9
249142 4
249143 96
249144 1
249145 43
249146 52
249147 4
249148 32
249149 18
249150 19
249151 8
249152 9
249153 22
249154 2
249155 8
249156 6
249157 18
249158 4
249159 4
249160 61
249161 4
249162 2
249163 4
249164 2
249165 7
249166 32
249167 41
249168 16
249169 4
249170 24
249171 6
249172 16
249173 1
249174 5
249175 5
249176 22
249177 1
249178 2
249179 9
249180 1
249181 1
249182 6
249183 53
249184 1
249185 3
249186 2
249187 7
249188 16
249189 72
249190 1
249191 2
249192 44
249193 44
249194 2
249195 1
249196 93
249197 26
249198 61
249199 10
249200 3
249201 7
249202 3
249203 9
249204 31
249205 1
249206 4
249207 2
249208 11
249209 4
249210 5
249211 1
249212 20
249213 3
249214 18
249215 125
249216 33
249217 1
249218 101
249219 27
249220 60
249221 6
249222 3
249223 22
249224 2
249225 3
249226 6
249227 64
249228 1
249229 2
249230 14
249231 25
249232 4
249233 4
249234 1
249235 1
249236 1
249237 12
249238 61
249239 39
249240 50
249241 6
249242 2
249243 19
249244 6
249245 12
249246 5
249247 3
249248 51
249249 2
249250 1
249251 2
249252 7
249253 27
249254 4
249255 4
249256 65
249257 1
249258 3
249259 1
249260 8
249261 17
249262 112
249263 90
249264 73
249265 20
249266 1
249267 44
249268 17
249269 13
249270 3
249271 14
249272 7
249273 81
249274 11
249275 3
249276 11
249277 42
249278 4
249279 1
249280 12
249281 99
249282 5
249283 2
249284 4
249285 18
249286 10
249287 1
249288 1
249289 6
249290 13
249291 3
249292 6
249293 6
249294 4
249295 2
249296 1
249297 1
249298 14
249299 47
249300 61
249301 2
249302 2
249303 1
249304 4
249305 6
249306 4
249307 2
249308 4
249309 1
249310 1
249311 2
249312 18
249313 3
249314 1
249315 1
249316 6
249317 6
249318 4
249319 4
249320 1
249321 9
249322 1
249323 4
249324 2
249325 1
249326 2
249327 1
249328 3
249329 2
249330 3
249331 1
249332 2
249333 1
249334 1
249335 1
249336 12
249337 1
249338 1
249339 1
249340 19
249341 1
249342 34
249343 4
249344 8
249345 1
249346 2
249347 2
249348 1
249349 1
249350 1
249351 4
249352 24
249353 10
249354 22
249355 6
249356 6
249357 2
249358 2
249359 3
249360 3
249361 2
249362 11
249363 1
249364 18
249365 3
249366 26
249367 1
249368 1
249369 1
249370 1
249371 1
249372 1
249373 27
249374 4
249375 1
249376 1
249377 25
249378 3
249379 1
249380 18
249381 1
249382 9
249383 1
249384 3
249385 1
249386 1
249387 3
249388 1
249389 1
249390 3
249391 1
249392 1
249393 2
249394 3
249395 2
249396 2
249397 1
249398 4
249399 3
249400 1
249401 1
249402 27
249403 1
249404 1
249405 5
249406 1
249407 2
249408 1
249409 2
249410 2
249411 8
249412 2
249413 1
249414 2
249415 1
249416 1
249417 1
249418 2
249419 3
249420 2
249421 2
249422 3
249423 1
249424 1
249425 2
249426 1
249427 3
249428 1
249429 1
249430 2
249431 2
249432 1
249433 1
249434 2
249435 1
249436 1
249437 1
249438 6
249439 1
249440 6
249441 4
249442 1
249443 1
249444 1
249445 1
249446 1
249447 2
249448 12
249449 3
249450 2
249451 1
249452 2
249453 5
249454 1
249455 1
249456 2
249457 1
249458 3
249459 1
249460 1
249461 1
249462 2
249463 2
249464 2
249465 2
249466 3
249467 2
249468 1
249469 37
249470 32
249471 5
249472 41
249473 2
249474 3
249475 2
249476 17
249477 1
249478 31
249479 5
249480 3
249481 2
249482 12
249483 2
249484 1
249485 61
249486 12
249487 6
249488 1
249489 18
249490 1
249491 9
249492 1
249493 8
249494 1
249495 2
249496 1
249497 1
249498 2
249499 2
249500 1
249501 3
249502 1
249503 5
249504 10
249505 1
249506 1
249507 1
249508 3
249509 2
249510 1
249511 1
249512 1
249513 6
249514 1
249515 3
249516 1
249517 1
249518 3
249519 11
249520 1
249521 31
249522 5
249523 7
249524 1
249525 1
249526 3
249527 2
249528 2
249529 2
249530 7
249531 2
249532 10
249533 57
249534 7
249535 8
249536 1
249537 2
249538 19
249539 13
249540 1
249541 1
249542 3
249543 2
249544 1
249545 3
249546 2
249547 4
249548 3
249549 1
249550 3
249551 1
249552 2
249553 2
249554 1
249555 1
249556 3
249557 4
249558 19
249559 1
249560 10
249561 1
249562 1
249563 10
249564 7
249565 1
249566 7
249567 3
249568 3
249569 1
249570 6
249571 1
249572 1
249573 1
249574 5
249575 1
249576 2
249577 5
249578 26
249579 2
249580 14
249581 2
249582 1
249583 1
249584 1
249585 1
249586 2
249587 1
249588 1
249589 1
249590 1
249591 1
249592 1
249593 1
249594 2
249595 4
249596 8
249597 1
249598 5
249599 23
249600 8
249601 2
249602 27
249603 8
249604 14
249605 1
249606 1
249607 3
249608 1
249609 2
249610 1
249611 2
249612 2
249613 10
249614 1
249615 2
249616 5
249617 1
249618 9
249619 4
249620 6
249621 1
249622 6
249623 19
249624 1
249625 1
249626 2
249627 2
249628 3
249629 3
249630 1
249631 1
249632 4
249633 2
249634 1
249635 1
249636 4
249637 2
249638 1
249639 13
249640 1
249641 1
249642 2
249643 1
249644 2
249645 1
249646 1
249647 1
249648 2
249649 1
249650 1
249651 2
249652 2
249653 1
249654 1
249655 1
249656 2
249657 5
249658 1
249659 6
249660 3
249661 1
249662 3
249663 4
249664 1
249665 2
249666 1
249667 1
249668 2
249669 4
249670 1
249671 2
249672 1
249673 1
249674 1
249675 1
249676 1
249677 3
249678 4
249679 3
249680 1
249681 8
249682 1
249683 1
249684 9
249685 1
249686 6
249687 3
249688 3
249689 2
249690 1
249691 1
249692 3
249693 1
249694 2
249695 1
249696 3
249697 3
249698 1
249699 1
249700 1
249701 1
249702 1
249703 1
249704 1
249705 2
249706 1
249707 2
249708 3
249709 1
249710 2
249711 1
249712 1
249713 2
249714 1
249715 5
249716 1
249717 3
249718 1
249719 1
249720 1
249721 2
249722 1
249723 1
249724 4
249725 1
249726 2
249727 3
249728 1
249729 2
249730 2
249731 2
249732 1
249733 1
249734 1
249735 3
249736 3
249737 14
249738 2
249739 3
249740 1
249741 3
249742 1
249743 6
249744 2
249745 1
249746 5
249747 1
249748 3
249749 1
249750 1
249751 1
249752 3
249753 2
249754 2
249755 3
249756 1
249757 1
249758 1
249759 14
249760 70
249761 2
249762 2
249763 27
249764 71
249765 5
249766 2
249767 92
249768 87
249769 2
249770 43
249771 7
249772 29
249773 30
249774 2
249775 1
249776 10
249777 4
249778 24
249779 11
249780 17
249781 14
249782 7
249783 11
249784 2
249785 15
249786 4
249787 22
249788 27
249789 2
249790 3
249791 52
249792 5
249793 2
249794 75
249795 3
249796 2
249797 3
249798 4
249799 5
249800 5
249801 2
249802 10
249803 9
249804 60
249805 13
249806 1
249807 20
249808 42
249809 125
249810 22
249811 32
249812 1
249813 6
249814 125
249815 114
249816 6
249817 118
249818 12
249819 2
249820 22
249821 2
249822 13
249823 6
249824 2
249825 6
249826 3
249827 53
249828 79
249829 16
249830 15
249831 5
249832 5
249833 1
249834 2
249835 1
249836 1
249837 8
249838 31
249839 32
249840 1
249841 20
249842 1
249843 3
249844 2
249845 1
249846 1
249847 1
249848 6
249849 1
249850 7
249851 49
249852 124
249853 4
249854 6
249855 41
249856 118
249857 9
249858 13
249859 2
249860 3
249861 118
249862 118
249863 11
249864 94
249865 3
249866 44
249867 55
249868 22
249869 7
249870 3
249871 5
249872 72
249873 33
249874 8
249875 8
249876 5
249877 3
249878 5
249879 66
249880 11
249881 9
249882 6
249883 69
249884 96
249885 1
249886 2
249887 5
249888 125
249889 74
249890 9
249891 123
249892 4
249893 1
249894 15
249895 11
249896 40
249897 3
249898 5
249899 18
249900 18
249901 11
249902 25
249903 1
249904 3
249905 3
249906 1
249907 1
249908 25
249909 12
249910 33
249911 11
249912 2
249913 3
249914 1
249915 2
249916 2
249917 1
249918 1
249919 4
249920 11
249921 16
249922 13
249923 2
249924 11
249925 5
249926 1
249927 1
249928 3
249929 1
249930 1
249931 2
249932 1
249933 1
249934 1
249935 1
249936 3
249937 1
249938 1
249939 1
249940 24
249941 1
249942 3
249943 82
249944 1
249945 114
249946 14
249947 37
249948 3
249949 16
249950 124
249951 44
249952 5
249953 1
249954 9
249955 53
249956 123
249957 72
249958 1
249959 119
249960 29
249961 2
249962 48
249963 1
249964 23
249965 99
249966 7
249967 41
249968 46
249969 64
249970 52
249971 107
249972 46
249973 3
249974 1
249975 9
249976 95
249977 5
249978 12
249979 2
249980 17
249981 115
249982 31
249983 3
249984 14
249985 99
249986 124
249987 60
249988 77
249989 9
249990 1
249991 13
249992 1
249993 7
249994 14
249995 5
249996 29
249997 24
249998 11
249999 23
250000 65
250001 7
250002 1
250003 2
250004 25
250005 3
250006 20
250007 2
250008 18
250009 6
250010 1
250011 1
250012 1
250013 4
250014 2
250015 1
250016 1
250017 88
250018 29
250019 2
250020 123
250021 29
250022 1
250023 36
250024 33
250025 36
250026 22
250027 12
250028 3
250029 33
250030 9
250031 45
250032 3
250033 36
250034 34
250035 49
250036 97
250037 54
250038 30
250039 3
250040 1
250041 7
250042 26
250043 4
250044 7
250045 11
250046 1
250047 1
250048 54
250049 1
250050 2
250051 2
250052 1
250053 24
250054 2
250055 5
250056 3
250057 50
250058 1
250059 90
250060 82
250061 1
250062 1
250063 1
250064 1
250065 1
250066 54
250067 1
250068 91
250069 10
250070 47
250071 1
250072 1
250073 4
250074 1
250075 3
250076 14
250077 1
250078 5
250079 9
250080 27
250081 1
250082 50
250083 61
250084 5
250085 3
250086 6
250087 1
250088 5
250089 6
250090 1
250091 35
250092 3
250093 17
250094 6
250095 51
250096 13
250097 13
250098 56
250099 17
250100 22
250101 1
250102 3
250103 2
250104 4
250105 12
250106 1
250107 2
250108 3
250109 1
250110 1
250111 1
250112 1
250113 11
250114 1
250115 1
250116 3
250117 7
250118 5
250119 1
250120 1
250121 2
250122 1
250123 1
250124 2
250125 1
250126 2
250127 1
250128 67
250129 1
250130 4
250131 30
250132 2
250133 1
250134 21
250135 23
250136 8
250137 1
250138 5
250139 9
250140 2
250141 2
250142 94
250143 3
250144 1
250145 2
250146 2
250147 2
250148 2
250149 1
250150 3
250151 4
250152 74
250153 2
250154 37
250155 40
250156 9
250157 2
250158 1
250159 35
250160 7
250161 14
250162 4
250163 10
250164 12
250165 4
250166 3
250167 18
250168 2
250169 4
250170 51
250171 1
250172 2
250173 1
250174 1
250175 30
250176 27
250177 18
250178 5
250179 1
250180 12
250181 5
250182 5
250183 5
250184 3
250185 17
250186 3
250187 3
250188 5
250189 7
250190 1
250191 2
250192 31
250193 1
250194 11
250195 10
250196 102
250197 2
250198 51
250199 59
250200 4
250201 2
250202 75
250203 28
250204 61
250205 1
250206 7
250207 10
250208 12
250209 3
250210 1
250211 11
250212 12
250213 26
250214 4
250215 5
250216 6
250217 2
250218 6
250219 1
250220 1
250221 3
250222 17
250223 1
250224 16
250225 3
250226 121
250227 15
250228 3
250229 68
250230 12
250231 1
250232 49
250233 3
250234 2
250235 21
250236 6
250237 6
250238 5
250239 59
250240 1
250241 12
250242 30
250243 2
250244 3
250245 1
250246 3
250247 9
250248 45
250249 2
250250 50
250251 58
250252 11
250253 24
250254 5
250255 13
250256 5
250257 4
250258 49
250259 1
250260 3
250261 21
250262 2
250263 5
250264 71
250265 2
250266 2
250267 4
250268 8
250269 74
250270 1
250271 62
250272 51
250273 10
250274 17
250275 10
250276 5
250277 1
250278 8
250279 61
250280 7
250281 2
250282 6
250283 27
250284 3
250285 9
250286 80
250287 1
250288 1
250289 1
250290 1
250291 2
250292 28
250293 2
250294 1
250295 8
250296 10
250297 9
250298 6
250299 8
250300 1
250301 12
250302 1
250303 7
250304 14
250305 33
250306 35
250307 1
250308 1
250309 5
250310 2
250311 3
250312 1
250313 7
250314 4
250315 1
250316 1
250317 1
250318 2
250319 13
250320 3
250321 5
250322 3
250323 5
250324 4
250325 5
250326 1
250327 1
250328 1
250329 3
250330 2
250331 2
250332 7
250333 70
250334 1
250335 11
250336 104
250337 1
250338 1
250339 3
250340 79
250341 53
250342 39
250343 7
250344 20
250345 31
250346 4
250347 4
250348 3
250349 1
250350 32
250351 14
250352 13
250353 15
250354 6
250355 15
250356 1
250357 1
250358 4
250359 2
250360 1
250361 1
250362 16
250363 13
250364 3
250365 21
250366 2
250367 46
250368 3
250369 3
250370 2
250371 3
250372 3
250373 10
250374 3
250375 26
250376 5
250377 2
250378 26
250379 117
250380 7
250381 11
250382 1
250383 123
250384 75
250385 1
250386 82
250387 1
250388 13
250389 2
250390 8
250391 2
250392 1
250393 1
250394 19
250395 32
250396 3
250397 6
250398 1
250399 2
250400 1
250401 1
250402 3
250403 5
250404 38
250405 1
250406 3
250407 3
250408 1
250409 1
250410 1
250411 1
250412 1
250413 3
250414 38
250415 124
250416 5
250417 4
250418 38
250419 120
250420 9
250421 8
250422 1
250423 120
250424 117
250425 3
250426 102
250427 5
250428 47
250429 57
250430 32
250431 9
250432 4
250433 4
250434 1
250435 89
250436 29
250437 3
250438 15
250439 12
250440 6
250441 7
250442 56
250443 6
250444 10
250445 1
250446 1
250447 74
250448 85
250449 1
250450 2
250451 123
250452 50
250453 4
250454 120
250455 3
250456 10
250457 1
250458 7
250459 43
250460 4
250461 14
250462 18
250463 10
250464 16
250465 2
250466 3
250467 1
250468 19
250469 7
250470 15
250471 3
250472 2
250473 2
250474 1
250475 1
250476 5
250477 3
250478 11
250479 1
250480 1
250481 3
250482 1
250483 1
250484 1
250485 1
250486 1
250487 1
250488 2
250489 32
250490 89
250491 113
250492 4
250493 41
250494 7
250495 7
250496 125
250497 64
250498 3
250499 83
250500 122
250501 87
250502 1
250503 115
250504 20
250505 3
250506 48
250507 1
250508 1
250509 21
250510 91
250511 10
250512 64
250513 67
250514 68
250515 63
250516 124
250517 45
250518 2
250519 2
250520 12
250521 54
250522 2
250523 13
250524 11
250525 90
250526 16
250527 2
250528 1
250529 1
250530 13
250531 75
250532 110
250533 26
250534 52
250535 8
250536 6
250537 3
250538 11
250539 2
250540 20
250541 12
250542 8
250543 19
250544 50
250545 4
250546 1
250547 1
250548 3
250549 10
250550 1
250551 1
250552 11
250553 2
250554 9
250555 1
250556 1
250557 1
250558 1
250559 1
250560 2
250561 1
250562 100
250563 1
250564 37
250565 1
250566 6
250567 125
250568 55
250569 1
250570 1
250571 68
250572 44
250573 24
250574 32
250575 14
250576 2
250577 52
250578 4
250579 10
250580 57
250581 12
250582 47
250583 46
250584 66
250585 121
250586 63
250587 53
250588 4
250589 1
250590 10
250591 9
250592 1
250593 1
250594 16
250595 4
250596 8
250597 5
250598 1
250599 2
250600 7
250601 1
250602 15
250603 1
250604 35
250605 25
250606 1
250607 1
250608 28
250609 1
250610 52
250611 4
250612 14
250613 1
250614 1
250615 3
250616 5
250617 7
250618 21
250619 49
250620 55
250621 5
250622 15
250623 1
250624 3
250625 2
250626 31
250627 1
250628 9
250629 12
250630 51
250631 8
250632 10
250633 66
250634 27
250635 39
250636 2
250637 2
250638 1
250639 18
250640 1
250641 1
250642 2
250643 2
250644 1
250645 7
250646 1
250647 1
250648 1
250649 4
250650 8
250651 2
250652 1
250653 3
250654 1
250655 1
250656 1
250657 4
250658 94
250659 2
250660 4
250661 35
250662 1
250663 40
250664 24
250665 11
250666 4
250667 15
250668 8
250669 5
250670 1
250671 115
250672 5
250673 1
250674 1
250675 3
250676 1
250677 1
250678 12
250679 88
250680 43
250681 59
250682 11
250683 40
250684 10
250685 24
250686 1
250687 14
250688 9
250689 17
250690 5
250691 5
250692 5
250693 17
250694 3
250695 1
250696 3
250697 68
250698 2
250699 2
250700 3
250701 2
250702 1
250703 39
250704 37
250705 8
250706 6
250707 1
250708 1
250709 13
250710 3
250711 7
250712 1
250713 2
250714 21
250715 1
250716 2
250717 3
250718 12
250719 1
250720 3
250721 40
250722 1
250723 4
250724 9
250725 70
250726 2
250727 72
250728 37
250729 2
250730 1
250731 1
250732 60
250733 15
250734 39
250735 4
250736 5
250737 3
250738 9
250739 1
250740 4
250741 2
250742 15
250743 1
250744 7
250745 8
250746 1
250747 4
250748 2
250749 20
250750 2
250751 21
250752 120
250753 28
250754 1
250755 60
250756 7
250757 32
250758 19
250759 5
250760 4
250761 5
250762 56
250763 2
250764 4
250765 13
250766 32
250767 2
250768 9
250769 1
250770 2
250771 2
250772 7
250773 55
250774 1
250775 49
250776 47
250777 5
250778 19
250779 9
250780 16
250781 8
250782 5
250783 43
250784 3
250785 3
250786 8
250787 23
250788 1
250789 2
250790 75
250791 1
250792 2
250793 1
250794 6
250795 10
250796 103
250797 1
250798 82
250799 53
250800 7
250801 1
250802 1
250803 21
250804 19
250805 9
250806 1
250807 5
250808 7
250809 72
250810 6
250811 1
250812 2
250813 7
250814 55
250815 3
250816 1
250817 19
250818 89
250819 5
250820 1
250821 2
250822 6
250823 1
250824 8
250825 1
250826 20
250827 4
250828 4
250829 3
250830 2
250831 10
250832 1
250833 8
250834 1
250835 30
250836 34
250837 3
250838 1
250839 2
250840 1
250841 2
250842 2
250843 1
250844 1
250845 6
250846 2
250847 2
250848 1
250849 1
250850 1
250851 1
250852 10
250853 5
250854 1
250855 3
250856 5
250857 3
250858 7
250859 2
250860 3
250861 5
250862 2
250863 5
250864 2
250865 2
250866 6
250867 3
250868 5
250869 1
250870 2
250871 1
250872 1
250873 2
250874 2
250875 4
250876 1
250877 2
250878 2
250879 1
250880 3
250881 11
250882 3
250883 1
250884 1
250885 36
250886 5
250887 8
250888 1
250889 1
250890 1
250891 1
250892 1
250893 1
250894 11
250895 38
250896 18
250897 1
250898 1
250899 1
250900 24
250901 7
250902 6
250903 2
250904 3
250905 1
250906 8
250907 4
250908 4
250909 3
250910 3
250911 6
250912 20
250913 4
250914 21
250915 2
250916 3
250917 1
250918 1
250919 1
250920 1
250921 1
250922 3
250923 2
250924 1
250925 1
250926 1
250927 1
250928 1
250929 10
250930 1
250931 11
250932 1
250933 3
250934 36
250935 6
250936 23
250937 6
250938 9
250939 2
250940 3
250941 2
250942 4
250943 4
250944 1
250945 4
250946 2
250947 16
250948 1
250949 6
250950 5
250951 1
250952 4
250953 6
250954 3
250955 1
250956 1
250957 1
250958 2
250959 2
250960 4
250961 1
250962 24
250963 1
250964 4
250965 1
250966 1
250967 1
250968 1
250969 1
250970 3
250971 3
250972 14
250973 1
250974 1
250975 1
250976 1
250977 2
250978 4
250979 1
250980 6
250981 1
250982 1
250983 2
250984 1
250985 1
250986 1
250987 1
250988 1
250989 2
250990 2
250991 1
250992 1
250993 1
250994 1
250995 1
250996 1
250997 6
250998 1
250999 1
251000 2
251001 8
251002 4
251003 4
251004 3
251005 1
251006 1
251007 1
251008 5
251009 4
251010 1
251011 1
251012 2
251013 2
251014 2
251015 1
251016 1
251017 2
251018 1
251019 1
251020 1
251021 5
251022 1
251023 1
251024 1
251025 13
251026 3
251027 2
251028 2
251029 1
251030 2
251031 1
251032 4
251033 3
251034 1
251035 2
251036 4
251037 1
251038 1
251039 4
251040 4
251041 3
251042 2
251043 2
251044 2
251045 1
251046 1
251047 1
251048 1
251049 1
251050 5
251051 1
251052 2
251053 2
251054 2
251055 15
251056 2
251057 20
251058 3
251059 7
251060 1
251061 1
251062 1
251063 1
251064 1
251065 45
251066 2
251067 11
251068 14
251069 13
251070 5
251071 5
251072 2
251073 1
251074 1
251075 3
251076 1
251077 1
251078 1
251079 1
251080 2
251081 21
251082 4
251083 18
251084 3
251085 1
251086 1
251087 1
251088 1
251089 3
251090 1
251091 1
251092 1
251093 1
251094 1
251095 1
251096 20
251097 1
251098 1
251099 14
251100 8
251101 3
251102 1
251103 6
251104 7
251105 2
251106 4
251107 5
251108 15
251109 1
251110 2
251111 4
251112 1
251113 3
251114 5
251115 6
251116 4
251117 4
251118 1
251119 1
251120 16
251121 1
251122 2
251123 1
251124 1
251125 1
251126 2
251127 8
251128 1
251129 18
251130 1
251131 3
251132 1
251133 1
251134 2
251135 1
251136 1
251137 1
251138 3
251139 1
251140 2
251141 1
251142 1
251143 1
251144 2
251145 1
251146 1
251147 1
251148 1
251149 1
251150 1
251151 1
251152 1
251153 1
251154 1
251155 7
251156 4
251157 1
251158 2
251159 1
251160 1
251161 1
251162 1
251163 2
251164 1
251165 2
251166 1
251167 1
251168 1
251169 5
251170 2
251171 2
251172 1
251173 1
251174 2
251175 3
251176 1
251177 8
251178 1
251179 2
251180 2
251181 1
251182 1
251183 1
251184 2
251185 1
251186 2
251187 1
251188 1
251189 2
251190 5
251191 1
251192 1
251193 1
251194 3
251195 5
251196 6
251197 8
251198 1
251199 1
251200 4
251201 2
251202 3
251203 2
251204 3
251205 1
251206 2
251207 1
251208 1
251209 1
251210 1
251211 1
251212 2
251213 3
251214 3
251215 1
251216 1
251217 1
251218 3
251219 6
251220 1
251221 4
251222 1
251223 1
251224 2
251225 1
251226 5
251227 1
251228 3
251229 2
251230 1
251231 1
251232 3
251233 3
251234 1
251235 1
251236 1
251237 1
251238 1
251239 1
251240 1
251241 1
251242 4
251243 1
251244 1
251245 2
251246 1
251247 5
251248 2
251249 1
251250 1
251251 1
251252 1
251253 1
251254 2
251255 2
251256 1
251257 1
251258 1
251259 1
251260 1
251261 1
251262 1
251263 2
251264 1
251265 1
251266 2
251267 1
251268 1
251269 1
251270 1
251271 1
251272 5
251273 1
251274 2
251275 2
251276 1
251277 1
251278 4
251279 26
251280 2
251281 11
251282 30
251283 1
251284 4
251285 30
251286 8
251287 12
251288 2
251289 2
251290 10
251291 1
251292 2
251293 4
251294 20
251295 4
251296 8
251297 7
251298 2
251299 2
251300 2
251301 1
251302 3
251303 5
251304 5
251305 1
251306 1
251307 11
251308 1
251309 34
251310 1
251311 1
251312 1
251313 3
251314 2
251315 17
251316 3
251317 4
251318 9
251319 95
251320 9
251321 10
251322 1
251323 108
251324 39
251325 1
251326 67
251327 8
251328 3
251329 2
251330 1
251331 2
251332 3
251333 17
251334 23
251335 2
251336 2
251337 1
251338 3
251339 2
251340 2
251341 1
251342 3
251343 24
251344 108
251345 6
251346 1
251347 21
251348 69
251349 5
251350 5
251351 80
251352 46
251353 3
251354 57
251355 7
251356 36
251357 31
251358 10
251359 3
251360 1
251361 1
251362 41
251363 9
251364 2
251365 7
251366 2
251367 1
251368 7
251369 26
251370 2
251371 1
251372 3
251373 38
251374 30
251375 102
251376 15
251377 1
251378 78
251379 5
251380 2
251381 39
251382 3
251383 5
251384 2
251385 2
251386 2
251387 1
251388 1
251389 8
251390 5
251391 18
251392 5
251393 1
251394 1
251395 1
251396 1
251397 1
251398 2
251399 9
251400 1
251401 1
251402 1
251403 1
251404 7
251405 1
251406 1
251407 19
251408 1
251409 46
251410 1
251411 12
251412 3
251413 105
251414 16
251415 1
251416 1
251417 8
251418 78
251419 6
251420 61
251421 7
251422 19
251423 3
251424 7
251425 40
251426 3
251427 6
251428 12
251429 13
251430 7
251431 35
251432 11
251433 1
251434 8
251435 15
251436 1
251437 24
251438 3
251439 24
251440 20
251441 13
251442 2
251443 3
251444 6
251445 1
251446 2
251447 6
251448 11
251449 1
251450 1
251451 1
251452 1
251453 1
251454 39
251455 3
251456 95
251457 11
251458 7
251459 2
251460 3
251461 4
251462 3
251463 14
251464 2
251465 1
251466 19
251467 10
251468 11
251469 9
251470 21
251471 2
251472 26
251473 3
251474 4
251475 12
251476 1
251477 3
251478 1
251479 2
251480 8
251481 1
251482 4
251483 3
251484 1
251485 7
251486 1
251487 2
251488 4
251489 13
251490 4
251491 21
251492 17
251493 1
251494 1
251495 1
251496 19
251497 31
251498 9
251499 1
251500 5
251501 4
251502 2
251503 8
251504 1
251505 29
251506 31
251507 4
251508 1
251509 7
251510 1
251511 2
251512 1
251513 3
251514 26
251515 5
251516 6
251517 92
251518 2
251519 5
251520 23
251521 5
251522 3
251523 1
251524 1
251525 1
251526 8
251527 18
251528 1
251529 3
251530 4
251531 3
251532 3
251533 6
251534 1
251535 1
251536 1
251537 1
251538 1
251539 1
251540 1
251541 34
251542 1
251543 1
251544 14
251545 1
251546 7
251547 4
251548 4
251549 2
251550 2
251551 7
251552 2
251553 1
251554 72
251555 1
251556 1
251557 1
251558 13
251559 14
251560 111
251561 6
251562 72
251563 75
251564 17
251565 39
251566 21
251567 27
251568 6
251569 23
251570 26
251571 44
251572 16
251573 12
251574 3
251575 35
251576 1
251577 8
251578 2
251579 9
251580 107
251581 2
251582 4
251583 12
251584 2
251585 6
251586 7
251587 2
251588 1
251589 1
251590 1
251591 1
251592 5
251593 1
251594 1
251595 1
251596 6
251597 4
251598 3
251599 33
251600 12
251601 12
251602 27
251603 5
251604 15
251605 1
251606 1
251607 3
251608 1
251609 2
251610 2
251611 7
251612 8
251613 101
251614 7
251615 1
251616 25
251617 2
251618 20
251619 11
251620 1
251621 1
251622 1
251623 27
251624 1
251625 4
251626 3
251627 1
251628 2
251629 16
251630 15
251631 11
251632 1
251633 3
251634 2
251635 2
251636 2
251637 13
251638 2
251639 2
251640 1
251641 6
251642 1
251643 7
251644 2
251645 1
251646 16
251647 11
251648 15
251649 2
251650 2
251651 1
251652 16
251653 3
251654 1
251655 13
251656 3
251657 10
251658 3
251659 1
251660 1
251661 2
251662 1
251663 9
251664 2
251665 1
251666 1
251667 3
251668 1
251669 1
251670 4
251671 1
251672 19
251673 7
251674 1
251675 1
251676 1
251677 2
251678 1
251679 1
251680 11
251681 4
251682 2
251683 2
251684 2
251685 3
251686 1
251687 5
251688 3
251689 4
251690 13
251691 100
251692 2
251693 1
251694 33
251695 111
251696 9
251697 1
251698 2
251699 10
251700 121
251701 100
251702 4
251703 65
251704 1
251705 18
251706 35
251707 70
251708 3
251709 2
251710 10
251711 11
251712 50
251713 19
251714 38
251715 24
251716 10
251717 46
251718 1
251719 1
251720 12
251721 1
251722 2
251723 1
251724 34
251725 36
251726 2
251727 1
251728 46
251729 10
251730 83
251731 1
251732 3
251733 4
251734 3
251735 5
251736 5
251737 3
251738 14
251739 1
251740 3
251741 4
251742 45
251743 13
251744 17
251745 43
251746 125
251747 26
251748 28
251749 1
251750 6
251751 125
251752 98
251753 2
251754 113
251755 2
251756 5
251757 35
251758 6
251759 22
251760 9
251761 1
251762 10
251763 2
251764 72
251765 72
251766 15
251767 17
251768 1
251769 2
251770 2
251771 1
251772 1
251773 4
251774 14
251775 19
251776 2
251777 1
251778 1
251779 47
251780 8
251781 5
251782 1
251783 4
251784 1
251785 1
251786 2
251787 1
251788 2
251789 1
251790 7
251791 16
251792 84
251793 125
251794 17
251795 10
251796 73
251797 125
251798 16
251799 15
251800 7
251801 3
251802 125
251803 123
251804 16
251805 121
251806 18
251807 81
251808 90
251809 55
251810 17
251811 14
251812 10
251813 2
251814 114
251815 71
251816 11
251817 62
251818 30
251819 8
251820 15
251821 79
251822 17
251823 19
251824 7
251825 102
251826 107
251827 3
251828 2
251829 1
251830 125
251831 66
251832 4
251833 122
251834 1
251835 1
251836 17
251837 14
251838 72
251839 4
251840 4
251841 24
251842 34
251843 8
251844 28
251845 2
251846 6
251847 2
251848 1
251849 48
251850 12
251851 42
251852 3
251853 1
251854 17
251855 1
251856 5
251857 1
251858 1
251859 1
251860 4
251861 7
251862 1
251863 7
251864 3
251865 20
251866 3
251867 5
251868 2
251869 1
251870 2
251871 1
251872 1
251873 1
251874 1
251875 2
251876 1
251877 2
251878 1
251879 3
251880 3
251881 2
251882 4
251883 2
251884 1
251885 1
251886 2
251887 2
251888 3
251889 1
251890 66
251891 1
251892 1
251893 115
251894 2
251895 2
251896 124
251897 16
251898 49
251899 1
251900 26
251901 125
251902 84
251903 5
251904 1
251905 4
251906 85
251907 124
251908 94
251909 1
251910 124
251911 1
251912 26
251913 2
251914 76
251915 7
251916 1
251917 6
251918 44
251919 103
251920 26
251921 77
251922 84
251923 93
251924 67
251925 124
251926 68
251927 6
251928 3
251929 27
251930 78
251931 3
251932 16
251933 1
251934 20
251935 100
251936 38
251937 1
251938 23
251939 100
251940 125
251941 33
251942 73
251943 13
251944 16
251945 1
251946 9
251947 27
251948 1
251949 11
251950 29
251951 25
251952 10
251953 18
251954 71
251955 8
251956 1
251957 2
251958 13
251959 1
251960 10
251961 2
251962 3
251963 2
251964 2
251965 1
251966 2
251967 2
251968 1
251969 1
251970 109
251971 5
251972 37
251973 9
251974 125
251975 47
251976 3
251977 2
251978 72
251979 58
251980 50
251981 1
251982 34
251983 22
251984 1
251985 69
251986 3
251987 10
251988 76
251989 12
251990 56
251991 63
251992 81
251993 113
251994 96
251995 72
251996 6
251997 2
251998 15
251999 25
252000 1
252001 1
252002 8
252003 26
252004 8
252005 1
252006 28
252007 1
252008 3
252009 16
252010 1
252011 18
252012 2
252013 41
252014 2
252015 67
252016 49
252017 1
252018 1
252019 2
252020 3
252021 1
252022 1
252023 40
252024 1
252025 86
252026 6
252027 2
252028 36
252029 1
252030 2
252031 3
252032 4
252033 8
252034 13
252035 7
252036 46
252037 2
252038 3
252039 85
252040 99
252041 23
252042 10
252043 18
252044 8
252045 8
252046 1
252047 4
252048 1
252049 80
252050 11
252051 16
252052 24
252053 90
252054 28
252055 27
252056 104
252057 33
252058 80
252059 9
252060 3
252061 9
252062 40
252063 4
252064 4
252065 10
252066 4
252067 1
252068 2
252069 3
252070 1
252071 1
252072 22
252073 2
252074 1
252075 4
252076 1
252077 1
252078 9
252079 22
252080 3
252081 5
252082 1
252083 1
252084 2
252085 4
252086 1
252087 1
252088 3
252089 1
252090 2
252091 1
252092 2
252093 1
252094 1
252095 1
252096 10
252097 102
252098 9
252099 67
252100 6
252101 1
252102 1
252103 1
252104 62
252105 51
252106 29
252107 1
252108 24
252109 17
252110 1
252111 1
252112 6
252113 122
252114 17
252115 5
252116 6
252117 4
252118 1
252119 15
252120 16
252121 122
252122 1
252123 1
252124 73
252125 92
252126 15
252127 1
252128 75
252129 24
252130 43
252131 8
252132 19
252133 19
252134 44
252135 9
252136 11
252137 11
252138 30
252139 7
252140 1
252141 11
252142 98
252143 2
252144 1
252145 5
252146 13
252147 3
252148 7
252149 59
252150 2
252151 66
252152 40
252153 12
252154 2
252155 2
252156 24
252157 24
252158 13
252159 16
252160 2
252161 46
252162 2
252163 1
252164 5
252165 5
252166 31
252167 1
252168 9
252169 72
252170 2
252171 1
252172 2
252173 19
252174 17
252175 102
252176 1
252177 70
252178 75
252179 6
252180 2
252181 97
252182 36
252183 1
252184 71
252185 1
252186 13
252187 11
252188 20
252189 1
252190 5
252191 12
252192 44
252193 6
252194 8
252195 25
252196 3
252197 6
252198 5
252199 35
252200 7
252201 39
252202 2
252203 122
252204 41
252205 6
252206 2
252207 2
252208 92
252209 26
252210 1
252211 60
252212 2
252213 3
252214 45
252215 5
252216 1
252217 16
252218 10
252219 94
252220 3
252221 4
252222 35
252223 54
252224 3
252225 15
252226 1
252227 6
252228 3
252229 7
252230 69
252231 1
252232 61
252233 70
252234 9
252235 1
252236 31
252237 13
252238 29
252239 7
252240 3
252241 68
252242 7
252243 3
252244 3
252245 6
252246 34
252247 5
252248 1
252249 11
252250 89
252251 2
252252 3
252253 1
252254 2
252255 13
252256 32
252257 123
252258 2
252259 1
252260 107
252261 111
252262 35
252263 4
252264 1
252265 1
252266 69
252267 40
252268 40
252269 4
252270 28
252271 24
252272 115
252273 29
252274 11
252275 27
252276 90
252277 10
252278 1
252279 36
252280 121
252281 3
252282 4
252283 1
252284 1
252285 15
252286 18
252287 3
252288 12
252289 2
252290 1
252291 25
252292 13
252293 7
252294 11
252295 7
252296 1
252297 7
252298 2
252299 18
252300 1
252301 55
252302 75
252303 3
252304 2
252305 1
252306 4
252307 3
252308 2
252309 2
252310 1
252311 5
252312 8
252313 10
252314 1
252315 1
252316 4
252317 1
252318 2
252319 1
252320 36
252321 5
252322 1
252323 1
252324 21
252325 11
252326 4
252327 7
252328 2
252329 23
252330 1
252331 2
252332 1
252333 12
252334 11
252335 5
252336 2
252337 4
252338 40
252339 2
252340 10
252341 60
252342 3
252343 1
252344 1
252345 52
252346 123
252347 8
252348 34
252349 6
252350 20
252351 9
252352 1
252353 1
252354 3
252355 5
252356 6
252357 9
252358 9
252359 5
252360 15
252361 1
252362 1
252363 1
252364 7
252365 1
252366 1
252367 17
252368 15
252369 1
252370 14
252371 7
252372 33
252373 4
252374 2
252375 4
252376 1
252377 22
252378 4
252379 5
252380 11
252381 107
252382 6
252383 12
252384 1
252385 123
252386 91
252387 2
252388 53
252389 2
252390 9
252391 1
252392 8
252393 3
252394 3
252395 11
252396 18
252397 6
252398 8
252399 1
252400 2
252401 9
252402 4
252403 1
252404 1
252405 3
252406 111
252407 3
252408 2
252409 4
252410 13
252411 1
252412 1
252413 1
252414 2
252415 4
252416 3
252417 1
252418 2
252419 30
252420 122
252421 5
252422 4
252423 17
252424 106
252425 7
252426 3
252427 2
252428 1
252429 107
252430 124
252431 49
252432 71
252433 2
252434 18
252435 41
252436 12
252437 1
252438 7
252439 3
252440 3
252441 59
252442 25
252443 3
252444 13
252445 6
252446 2
252447 25
252448 4
252449 8
252450 5
252451 49
252452 65
252453 1
252454 116
252455 62
252456 8
252457 94
252458 1
252459 4
252460 7
252461 1
252462 2
252463 21
252464 1
252465 1
252466 1
252467 7
252468 8
252469 2
252470 6
252471 2
252472 1
252473 1
252474 2
252475 9
252476 5
252477 10
252478 6
252479 1
252480 1
252481 1
252482 1
252483 6
252484 2
252485 9
252486 1
252487 2
252488 1
252489 1
252490 2
252491 1
252492 1
252493 1
252494 1
252495 2
252496 1
252497 1
252498 20
252499 56
252500 1
252501 75
252502 8
252503 24
252504 11
252505 121
252506 48
252507 3
252508 2
252509 24
252510 119
252511 88
252512 1
252513 93
252514 22
252515 2
252516 26
252517 3
252518 1
252519 8
252520 41
252521 6
252522 36
252523 32
252524 37
252525 20
252526 103
252527 28
252528 1
252529 3
252530 119
252531 4
252532 30
252533 6
252534 33
252535 124
252536 61
252537 2
252538 1
252539 13
252540 119
252541 125
252542 95
252543 78
252544 26
252545 10
252546 22
252547 8
252548 31
252549 11
252550 49
252551 45
252552 19
252553 29
252554 80
252555 4
252556 2
252557 4
252558 41
252559 1
252560 6
252561 1
252562 55
252563 3
252564 2
252565 1
252566 41
252567 2
252568 7
252569 1
252570 1
252571 1
252572 1
252573 6
252574 1
252575 4
252576 1
252577 6
252578 1
252579 65
252580 4
252581 15
252582 2
252583 3
252584 113
252585 21
252586 2
252587 18
252588 24
252589 35
252590 9
252591 4
252592 1
252593 15
252594 3
252595 6
252596 23
252597 3
252598 20
252599 18
252600 31
252601 73
252602 28
252603 11
252604 2
252605 8
252606 5
252607 1
252608 5
252609 1
252610 12
252611 4
252612 5
252613 9
252614 1
252615 1
252616 4
252617 6
252618 20
252619 1
252620 1
252621 36
252622 21
252623 1
252624 1
252625 1
252626 19
252627 1
252628 38
252629 7
252630 19
252631 1
252632 5
252633 1
252634 5
252635 1
252636 13
252637 22
252638 27
252639 6
252640 3
252641 7
252642 4
252643 1
252644 2
252645 2
252646 16
252647 2
252648 4
252649 4
252650 28
252651 14
252652 6
252653 42
252654 10
252655 26
252656 1
252657 1
252658 1
252659 6
252660 1
252661 3
252662 1
252663 7
252664 1
252665 1
252666 1
252667 2
252668 2
252669 3
252670 1
252671 1
252672 1
252673 1
252674 38
252675 2
252676 3
252677 16
252678 1
252679 7
252680 35
252681 2
252682 6
252683 1
252684 3
252685 1
252686 1
252687 84
252688 4
252689 1
252690 1
252691 2
252692 4
252693 65
252694 1
252695 21
252696 37
252697 1
252698 1
252699 24
252700 17
252701 14
252702 1
252703 5
252704 5
252705 5
252706 1
252707 9
252708 1
252709 3
252710 34
252711 2
252712 3
252713 5
252714 42
252715 2
252716 43
252717 17
252718 2
252719 1
252720 19
252721 24
252722 9
252723 8
252724 8
252725 15
252726 3
252727 5
252728 4
252729 13
252730 1
252731 2
252732 29
252733 1
252734 2
252735 4
252736 40
252737 1
252738 34
252739 22
252740 45
252741 32
252742 25
252743 4
252744 1
252745 4
252746 1
252747 2
252748 4
252749 13
252750 1
252751 3
252752 3
252753 4
252754 1
252755 5
252756 18
252757 102
252758 21
252759 1
252760 38
252761 17
252762 1
252763 11
252764 10
252765 3
252766 41
252767 1
252768 9
252769 17
252770 2
252771 2
252772 3
252773 3
252774 40
252775 2
252776 17
252777 28
252778 2
252779 1
252780 11
252781 12
252782 2
252783 1
252784 3
252785 3
252786 30
252787 1
252788 1
252789 3
252790 7
252791 1
252792 48
252793 2
252794 1
252795 1
252796 2
252797 25
252798 107
252799 44
252800 57
252801 8
252802 2
252803 1
252804 39
252805 33
252806 15
252807 13
252808 2
252809 56
252810 5
252811 1
252812 6
252813 6
252814 32
252815 4
252816 9
252817 76
252818 1
252819 1
252820 1
252821 2
252822 3
252823 2
252824 1
252825 2
252826 6
252827 1
252828 2
252829 1
252830 2
252831 1
252832 4
252833 10
252834 24
252835 1
252836 1
252837 2
252838 3
252839 1
252840 2
252841 3
252842 1
252843 1
252844 2
252845 1
252846 3
252847 1
252848 5
252849 5
252850 1
252851 2
252852 5
252853 1
252854 1
252855 1
252856 5
252857 1
252858 2
252859 35
252860 6
252861 3
252862 1
252863 1
252864 2
252865 2
252866 1
252867 1
252868 1
252869 9
252870 8
252871 7
252872 3
252873 1
252874 1
252875 1
252876 4
252877 1
252878 21
252879 1
252880 12
252881 19
252882 30
252883 3
252884 6
252885 3
252886 4
252887 1
252888 8
252889 3
252890 4
252891 3
252892 14
252893 4
252894 3
252895 16
252896 4
252897 3
252898 1
252899 13
252900 1
252901 7
252902 4
252903 5
252904 1
252905 2
252906 1
252907 3
252908 5
252909 1
252910 3
252911 2
252912 1
252913 11
252914 1
252915 3
252916 33
252917 7
252918 6
252919 2
252920 2
252921 2
252922 1
252923 1
252924 2
252925 5
252926 2
252927 1
252928 1
252929 2
252930 1
252931 13
252932 1
252933 2
252934 1
252935 1
252936 1
252937 3
252938 1
252939 1
252940 3
252941 2
252942 1
252943 2
252944 1
252945 1
252946 2
252947 6
252948 1
252949 3
252950 1
252951 1
252952 2
252953 1
252954 1
252955 1
252956 1
252957 1
252958 3
252959 1
252960 1
252961 1
252962 1
252963 1
252964 7
252965 1
252966 1
252967 3
252968 2
252969 2
252970 1
252971 1
252972 1
252973 1
252974 1
252975 2
252976 3
252977 1
252978 1
252979 4
252980 1
252981 1
252982 2
252983 2
252984 2
252985 1
252986 1
252987 1
252988 1
252989 1
252990 1
252991 7
252992 1
252993 3
252994 1
252995 1
252996 3
252997 3
252998 6
252999 1
253000 1
253001 2
253002 2
253003 1
253004 3
253005 1
253006 1
253007 1
253008 2
253009 1
253010 1
253011 1
253012 2
253013 2
253014 2
253015 1
253016 15
253017 57
253018 2
253019 23
253020 81
253021 12
253022 1
253023 9
253024 87
253025 61
253026 2
253027 91
253028 11
253029 34
253030 37
253031 1
253032 12
253033 29
253034 19
253035 23
253036 26
253037 14
253038 11
253039 5
253040 11
253041 2
253042 1
253043 3
253044 10
253045 26
253046 1
253047 2
253048 23
253049 6
253050 1
253051 53
253052 1
253053 2
253054 4
253055 2
253056 1
253057 2
253058 1
253059 2
253060 1
253061 3
253062 32
253063 7
253064 5
253065 33
253066 117
253067 8
253068 19
253069 1
253070 125
253071 61
253072 2
253073 94
253074 1
253075 1
253076 12
253077 2
253078 7
253079 1
253080 3
253081 3
253082 16
253083 46
253084 9
253085 6
253086 1
253087 3
253088 1
253089 3
253090 11
253091 8
253092 1
253093 1
253094 17
253095 2
253096 2
253097 3
253098 2
253099 6
253100 14
253101 62
253102 125
253103 10
253104 5
253105 41
253106 123
253107 17
253108 8
253109 3
253110 123
253111 118
253112 5
253113 108
253114 8
253115 48
253116 69
253117 25
253118 12
253119 5
253120 1
253121 4
253122 3
253123 79
253124 43
253125 7
253126 14
253127 16
253128 6
253129 1
253130 9
253131 65
253132 5
253133 2
253134 6
253135 88
253136 71
253137 3
253138 1
253139 1
253140 124
253141 37
253142 3
253143 118
253144 1
253145 7
253146 8
253147 52
253148 2
253149 2
253150 6
253151 16
253152 8
253153 6
253154 1
253155 5
253156 3
253157 1
253158 19
253159 10
253160 22
253161 2
253162 9
253163 2
253164 3
253165 2
253166 2
253167 1
253168 4
253169 5
253170 11
253171 1
253172 6
253173 2
253174 3
253175 1
253176 1
253177 2
253178 1
253179 1
253180 1
253181 1
253182 1
253183 41
253184 1
253185 2
253186 93
253187 87
253188 3
253189 20
253190 4
253191 123
253192 31
253193 1
253194 1
253195 2
253196 29
253197 115
253198 40
253199 106
253200 9
253201 1
253202 30
253203 7
253204 48
253205 13
253206 34
253207 24
253208 34
253209 68
253210 65
253211 21
253212 1
253213 7
253214 37
253215 2
253216 4
253217 12
253218 50
253219 16
253220 1
253221 6
253222 66
253223 105
253224 19
253225 49
253226 4
253227 9
253228 1
253229 1
253230 3
253231 10
253232 4
253233 13
253234 9
253235 3
253236 13
253237 21
253238 4
253239 3
253240 2
253241 7
253242 3
253243 1
253244 2
253245 69
253246 3
253247 10
253248 3
253249 5
253250 119
253251 22
253252 1
253253 30
253254 28
253255 15
253256 19
253257 4
253258 21
253259 2
253260 9
253261 39
253262 6
253263 28
253264 38
253265 42
253266 87
253267 19
253268 33
253269 1
253270 1
253271 7
253272 9
253273 2
253274 5
253275 14
253276 3
253277 9
253278 1
253279 2
253280 1
253281 8
253282 1
253283 5
253284 4
253285 17
253286 4
253287 45
253288 19
253289 2
253290 1
253291 1
253292 32
253293 55
253294 6
253295 29
253296 1
253297 3
253298 1
253299 15
253300 7
253301 19
253302 1
253303 52
253304 70
253305 7
253306 2
253307 10
253308 4
253309 1
253310 9
253311 45
253312 9
253313 12
253314 13
253315 60
253316 14
253317 7
253318 71
253319 51
253320 7
253321 1
253322 1
253323 4
253324 21
253325 3
253326 4
253327 3
253328 3
253329 3
253330 1
253331 1
253332 7
253333 1
253334 1
253335 3
253336 1
253337 4
253338 1
253339 1
253340 2
253341 2
253342 1
253343 1
253344 2
253345 1
253346 7
253347 81
253348 33
253349 1
253350 14
253351 21
253352 17
253353 12
253354 12
253355 3
253356 111
253357 3
253358 1
253359 2
253360 1
253361 1
253362 7
253363 6
253364 84
253365 1
253366 45
253367 61
253368 12
253369 42
253370 9
253371 26
253372 2
253373 10
253374 12
253375 18
253376 3
253377 4
253378 4
253379 21
253380 3
253381 1
253382 80
253383 1
253384 1
253385 1
253386 3
253387 3
253388 36
253389 50
253390 24
253391 5
253392 1
253393 9
253394 5
253395 13
253396 4
253397 1
253398 40
253399 2
253400 2
253401 2
253402 14
253403 1
253404 7
253405 64
253406 1
253407 1
253408 8
253409 7
253410 62
253411 42
253412 51
253413 4
253414 46
253415 20
253416 34
253417 6
253418 5
253419 12
253420 5
253421 3
253422 26
253423 1
253424 4
253425 9
253426 1
253427 1
253428 1
253429 28
253430 3
253431 28
253432 122
253433 25
253434 3
253435 1
253436 51
253437 11
253438 43
253439 4
253440 2
253441 36
253442 9
253443 4
253444 79
253445 2
253446 4
253447 20
253448 41
253449 10
253450 1
253451 3
253452 8
253453 5
253454 12
253455 96
253456 1
253457 90
253458 88
253459 12
253460 1
253461 36
253462 12
253463 35
253464 1
253465 12
253466 3
253467 97
253468 18
253469 3
253470 12
253471 44
253472 3
253473 16
253474 117
253475 5
253476 1
253477 2
253478 5
253479 3
253480 3
253481 47
253482 1
253483 26
253484 41
253485 7
253486 10
253487 7
253488 7
253489 2
253490 4
253491 31
253492 5
253493 1
253494 3
253495 10
253496 1
253497 9
253498 41
253499 1
253500 3
253501 5
253502 2
253503 5
253504 2
253505 14
253506 10
253507 4
253508 5
253509 6
253510 11
253511 1
253512 1
253513 21
253514 3
253515 67
253516 21
253517 1
253518 1
253519 2
253520 2
253521 1
253522 1
253523 11
253524 3
253525 1
253526 3
253527 2
253528 3
253529 12
253530 3
253531 1
253532 8
253533 1
253534 5
253535 2
253536 5
253537 1
253538 6
253539 2
253540 1
253541 1
253542 2
253543 1
253544 8
253545 2
253546 1
253547 1
253548 1
253549 2
253550 1
253551 4
253552 1
253553 14
253554 22
253555 2
253556 40
253557 2
253558 2
253559 7
253560 1
253561 2
253562 3
253563 4
253564 1
253565 2
253566 1
253567 1
253568 1
253569 1
253570 2
253571 3
253572 6
253573 1
253574 1
253575 2
253576 3
253577 1
253578 5
253579 1
253580 1
253581 5
253582 6
253583 1
253584 1
253585 1
253586 1
253587 1
253588 2
253589 1
253590 6
253591 1
253592 3
253593 1
253594 1
253595 6
253596 4
253597 5
253598 2
253599 2
253600 1
253601 2
253602 1
253603 2
253604 1
253605 1
253606 1
253607 2
253608 2
253609 1
253610 1
253611 1
253612 4
253613 1
253614 5
253615 2
253616 1
253617 2
253618 1
253619 1
253620 1
253621 1
253622 1
253623 2
253624 1
253625 1
253626 14
253627 1
253628 5
253629 18
253630 2
253631 14
253632 10
253633 15
253634 4
253635 7
253636 6
253637 1
253638 11
253639 2
253640 2
253641 1
253642 5
253643 3
253644 2
253645 1
253646 4
253647 14
253648 10
253649 1
253650 21
253651 1
253652 1
253653 1
253654 14
253655 2
253656 2
253657 8
253658 94
253659 11
253660 7
253661 103
253662 29
253663 51
253664 1
253665 5
253666 2
253667 2
253668 2
253669 1
253670 7
253671 19
253672 13
253673 2
253674 2
253675 1
253676 1
253677 4
253678 1
253679 6
253680 1
253681 1
253682 1
253683 1
253684 1
253685 14
253686 106
253687 4
253688 3
253689 9
253690 64
253691 3
253692 5
253693 78
253694 55
253695 1
253696 45
253697 2
253698 26
253699 28
253700 6
253701 1
253702 2
253703 38
253704 5
253705 2
253706 1
253707 1
253708 2
253709 15
253710 3
253711 4
253712 1
253713 45
253714 38
253715 1
253716 106
253717 11
253718 1
253719 84
253720 1
253721 5
253722 33
253723 4
253724 3
253725 7
253726 7
253727 1
253728 7
253729 6
253730 15
253731 6
253732 1
253733 1
253734 2
253735 1
253736 3
253737 1
253738 1
253739 6
253740 1
253741 1
253742 1
253743 1
253744 2
253745 3
253746 3
253747 1
253748 80
253749 3
253750 2
253751 115
253752 1
253753 34
253754 1
253755 13
253756 1
253757 105
253758 15
253759 1
253760 1
253761 13
253762 83
253763 8
253764 55
253765 5
253766 1
253767 12
253768 1
253769 1
253770 37
253771 1
253772 5
253773 10
253774 13
253775 2
253776 22
253777 10
253778 1
253779 2
253780 16
253781 1
253782 3
253783 1
253784 22
253785 4
253786 2
253787 23
253788 24
253789 2
253790 13
253791 1
253792 2
253793 6
253794 2
253795 1
253796 1
253797 3
253798 4
253799 1
253800 1
253801 1
253802 1
253803 32
253804 4
253805 87
253806 7
253807 6
253808 5
253809 1
253810 2
253811 3
253812 1
253813 13
253814 2
253815 2
253816 20
253817 2
253818 3
253819 7
253820 9
253821 14
253822 6
253823 15
253824 2
253825 9
253826 3
253827 2
253828 8
253829 4
253830 5
253831 1
253832 5
253833 1
253834 2
253835 6
253836 1
253837 3
253838 1
253839 15
253840 7
253841 16
253842 1
253843 29
253844 2
253845 8
253846 1
253847 2
253848 3
253849 2
253850 11
253851 3
253852 27
253853 35
253854 1
253855 7
253856 10
253857 1
253858 1
253859 2
253860 1
253861 20
253862 3
253863 4
253864 2
253865 63
253866 59
253867 2
253868 25
253869 92
253870 37
253871 2
253872 9
253873 1
253874 1
253875 3
253876 1
253877 1
253878 1
253879 1
253880 10
253881 1
253882 3
253883 2
253884 1
253885 1
253886 1
253887 2
253888 1
253889 1
253890 2
253891 28
253892 1
253893 4
253894 11
253895 1
253896 5
253897 4
253898 1
253899 1
253900 1
253901 1
253902 8
253903 2
253904 1
253905 72
253906 1
253907 4
253908 3
253909 68
253910 36
253911 32
253912 6
253913 18
253914 10
253915 16
253916 3
253917 10
253918 8
253919 15
253920 3
253921 8
253922 4
253923 18
253924 1
253925 1
253926 29
253927 1
253928 3
253929 2
253930 6
253931 7
253932 25
253933 84
253934 2
253935 56
253936 48
253937 5
253938 28
253939 35
253940 17
253941 3
253942 16
253943 23
253944 36
253945 2
253946 13
253947 7
253948 28
253949 1
253950 5
253951 27
253952 1
253953 2
253954 1
253955 1
253956 2
253957 30
253958 8
253959 10
253960 2
253961 1
253962 11
253963 6
253964 8
253965 1
253966 2
253967 1
253968 1
253969 2
253970 5
253971 1
253972 1
253973 1
253974 1
253975 1
253976 1
253977 12
253978 1
253979 64
253980 3
253981 17
253982 3
253983 16
253984 1
253985 14
253986 1
253987 1
253988 1
253989 17
253990 3
253991 7
253992 1
253993 2
253994 3
253995 1
253996 7
253997 37
253998 114
253999 1
254000 4
254001 101
254002 88
254003 6
254004 1
254005 2
254006 2
254007 63
254008 58
254009 1
254010 44
254011 8
254012 41
254013 36
254014 78
254015 3
254016 1
254017 16
254018 21
254019 80
254020 14
254021 1
254022 20
254023 67
254024 1
254025 3
254026 3
254027 7
254028 12
254029 2
254030 11
254031 88
254032 57
254033 89
254034 15
254035 1
254036 33
254037 10
254038 9
254039 5
254040 1
254041 89
254042 7
254043 1
254044 2
254045 4
254046 31
254047 4
254048 5
254049 69
254050 2
254051 3
254052 1
254053 1
254054 4
254055 1
254056 4
254057 1
254058 2
254059 10
254060 6
254061 2
254062 3
254063 1
254064 1
254065 2
254066 2
254067 1
254068 1
254069 1
254070 8
254071 1
254072 1
254073 1
254074 1
254075 2
254076 1
254077 4
254078 1
254079 2
254080 1
254081 3
254082 4
254083 4
254084 1
254085 2
254086 2
254087 1
254088 2
254089 3
254090 2
254091 1
254092 3
254093 2
254094 2
254095 1
254096 27
254097 1
254098 1
254099 29
254100 5
254101 7
254102 1
254103 1
254104 1
254105 1
254106 1
254107 1
254108 6
254109 35
254110 1
254111 2
254112 18
254113 1
254114 17
254115 14
254116 7
254117 4
254118 1
254119 12
254120 2
254121 3
254122 1
254123 5
254124 10
254125 66
254126 6
254127 41
254128 2
254129 1
254130 4
254131 2
254132 1
254133 1
254134 1
254135 2
254136 1
254137 2
254138 1
254139 3
254140 1
254141 1
254142 10
254143 16
254144 2
254145 1
254146 50
254147 2
254148 11
254149 48
254150 4
254151 23
254152 6
254153 1
254154 16
254155 2
254156 2
254157 10
254158 4
254159 23
254160 5
254161 7
254162 2
254163 76
254164 1
254165 1
254166 1
254167 6
254168 1
254169 15
254170 7
254171 4
254172 1
254173 2
254174 1
254175 1
254176 5
254177 2
254178 30
254179 8
254180 2
254181 1
254182 2
254183 10
254184 1
254185 4
254186 1
254187 7
254188 1
254189 4
254190 30
254191 5
254192 3
254193 2
254194 2
254195 1
254196 2
254197 1
254198 2
254199 5
254200 2
254201 1
254202 3
254203 3
254204 3
254205 3
254206 6
254207 6
254208 1
254209 1
254210 3
254211 1
254212 2
254213 2
254214 6
254215 2
254216 2
254217 3
254218 1
254219 1
254220 4
254221 5
254222 2
254223 1
254224 15
254225 8
254226 4
254227 6
254228 1
254229 3
254230 3
254231 1
254232 1
254233 3
254234 1
254235 4
254236 3
254237 3
254238 1
254239 2
254240 3
254241 4
254242 3
254243 3
254244 7
254245 1
254246 4
254247 1
254248 1
254249 1
254250 1
254251 1
254252 18
254253 2
254254 16
254255 1
254256 1
254257 4
254258 1
254259 1
254260 1
254261 4
254262 5
254263 1
254264 2
254265 2
254266 5
254267 2
254268 2
254269 1
254270 12
254271 3
254272 5
254273 1
254274 1
254275 1
254276 1
254277 1
254278 7
254279 2
254280 3
254281 6
254282 1
254283 1
254284 1
254285 1
254286 1
254287 1
254288 1
254289 3
254290 1
254291 3
254292 22
254293 2
254294 10
254295 32
254296 3
254297 34
254298 27
254299 17
254300 5
254301 3
254302 24
254303 1
254304 2
254305 21
254306 5
254307 5
254308 8
254309 4
254310 6
254311 1
254312 3
254313 5
254314 10
254315 8
254316 1
254317 1
254318 20
254319 2
254320 37
254321 1
254322 2
254323 4
254324 1
254325 1
254326 18
254327 4
254328 5
254329 16
254330 104
254331 11
254332 7
254333 4
254334 124
254335 44
254336 1
254337 76
254338 2
254339 8
254340 2
254341 3
254342 3
254343 1
254344 2
254345 21
254346 25
254347 5
254348 6
254349 1
254350 1
254351 10
254352 7
254353 7
254354 1
254355 1
254356 1
254357 28
254358 120
254359 8
254360 2
254361 30
254362 93
254363 6
254364 3
254365 1
254366 1
254367 89
254368 66
254369 4
254370 59
254371 4
254372 45
254373 35
254374 18
254375 3
254376 6
254377 2
254378 62
254379 16
254380 3
254381 5
254382 9
254383 1
254384 3
254385 31
254386 8
254387 5
254388 1
254389 3
254390 49
254391 46
254392 1
254393 1
254394 1
254395 3
254396 105
254397 17
254398 100
254399 1
254400 8
254401 3
254402 36
254403 1
254404 1
254405 6
254406 2
254407 4
254408 2
254409 1
254410 2
254411 19
254412 6
254413 14
254414 8
254415 2
254416 2
254417 1
254418 2
254419 5
254420 2
254421 1
254422 1
254423 1
254424 1
254425 1
254426 1
254427 1
254428 13
254429 42
254430 58
254431 2
254432 11
254433 1
254434 2
254435 117
254436 18
254437 1
254438 2
254439 15
254440 101
254441 19
254442 76
254443 7
254444 2
254445 16
254446 1
254447 1
254448 1
254449 5
254450 44
254451 5
254452 15
254453 19
254454 26
254455 7
254456 45
254457 19
254458 1
254459 3
254460 22
254461 1
254462 5
254463 30
254464 3
254465 3
254466 32
254467 34
254468 2
254469 23
254470 2
254471 1
254472 4
254473 1
254474 3
254475 6
254476 1
254477 12
254478 6
254479 1
254480 1
254481 1
254482 1
254483 1
254484 2
254485 1
254486 46
254487 4
254488 96
254489 14
254490 13
254491 11
254492 6
254493 5
254494 3
254495 14
254496 2
254497 4
254498 27
254499 2
254500 9
254501 10
254502 17
254503 33
254504 8
254505 23
254506 2
254507 2
254508 4
254509 7
254510 3
254511 17
254512 2
254513 26
254514 3
254515 1
254516 10
254517 1
254518 1
254519 5
254520 7
254521 25
254522 53
254523 26
254524 1
254525 22
254526 39
254527 2
254528 17
254529 1
254530 1
254531 1
254532 5
254533 3
254534 14
254535 2
254536 51
254537 28
254538 3
254539 2
254540 7
254541 1
254542 3
254543 6
254544 20
254545 2
254546 4
254547 7
254548 34
254549 5
254550 10
254551 29
254552 4
254553 9
254554 1
254555 3
254556 9
254557 4
254558 2
254559 1
254560 1
254561 3
254562 1
254563 4
254564 4
254565 2
254566 1
254567 3
254568 44
254569 4
254570 11
254571 13
254572 11
254573 9
254574 1
254575 8
254576 5
254577 1
254578 1
254579 78
254580 4
254581 1
254582 2
254583 4
254584 3
254585 80
254586 4
254587 39
254588 37
254589 4
254590 1
254591 30
254592 9
254593 17
254594 13
254595 14
254596 13
254597 1
254598 6
254599 4
254600 19
254601 1
254602 3
254603 36
254604 2
254605 2
254606 1
254607 2
254608 41
254609 32
254610 9
254611 1
254612 13
254613 8
254614 9
254615 7
254616 4
254617 7
254618 8
254619 1
254620 5
254621 1
254622 1
254623 12
254624 1
254625 1
254626 4
254627 7
254628 2
254629 44
254630 1
254631 24
254632 18
254633 2
254634 1
254635 33
254636 10
254637 24
254638 1
254639 8
254640 3
254641 3
254642 1
254643 2
254644 13
254645 1
254646 1
254647 7
254648 1
254649 2
254650 8
254651 10
254652 1
254653 97
254654 15
254655 2
254656 1
254657 34
254658 8
254659 23
254660 1
254661 11
254662 1
254663 4
254664 38
254665 1
254666 5
254667 8
254668 2
254669 3
254670 9
254671 79
254672 1
254673 31
254674 28
254675 5
254676 23
254677 14
254678 16
254679 8
254680 11
254681 19
254682 2
254683 1
254684 3
254685 25
254686 1
254687 18
254688 1
254689 1
254690 2
254691 2
254692 4
254693 60
254694 35
254695 36
254696 8
254697 2
254698 17
254699 11
254700 13
254701 6
254702 2
254703 24
254704 1
254705 3
254706 1
254707 16
254708 4
254709 27
254710 3
254711 3
254712 1
254713 2
254714 4
254715 5
254716 8
254717 1
254718 1
254719 1
254720 1
254721 2
254722 4
254723 17
254724 16
254725 1
254726 1
254727 1
254728 1
254729 1
254730 1
254731 2
254732 2
254733 1
254734 1
254735 1
254736 15
254737 2
254738 2
254739 3
254740 3
254741 4
254742 3
254743 1
254744 2
254745 1
254746 3
254747 2
254748 1
254749 2
254750 1
254751 1
254752 1
254753 1
254754 7
254755 1
254756 19
254757 1
254758 1
254759 2
254760 1
254761 14
254762 4
254763 10
254764 3
254765 3
254766 3
254767 1
254768 2
254769 1
254770 1
254771 4
254772 8
254773 2
254774 16
254775 1
254776 15
254777 1
254778 5
254779 1
254780 3
254781 2
254782 2
254783 16
254784 1
254785 1
254786 12
254787 8
254788 1
254789 1
254790 2
254791 3
254792 1
254793 2
254794 1
254795 1
254796 1
254797 6
254798 2
254799 1
254800 1
254801 2
254802 1
254803 1
254804 1
254805 1
254806 1
254807 1
254808 1
254809 1
254810 1
254811 1
254812 1
254813 2
254814 1
254815 1
254816 1
254817 1
254818 2
254819 1
254820 1
254821 9
254822 8
254823 3
254824 1
254825 2
254826 1
254827 1
254828 1
254829 1
254830 1
254831 2
254832 2
254833 1
254834 1
254835 3
254836 1
254837 2
254838 1
254839 1
254840 1
254841 1
254842 2
254843 1
254844 1
254845 1
254846 1
254847 1
254848 1
254849 1
254850 1
254851 1
254852 1
254853 1
254854 1
254855 8
254856 1
254857 11
254858 1
254859 2
254860 1
254861 9
254862 2
254863 7
254864 6
254865 1
254866 1
254867 1
254868 1
254869 6
254870 28
254871 2
254872 15
254873 1
254874 1
254875 1
254876 1
254877 1
254878 1
254879 1
254880 1
254881 13
254882 1
254883 2
254884 8
254885 1
254886 6
254887 1
254888 1
254889 1
254890 1
254891 15
254892 1
254893 2
254894 2
254895 2
254896 1
254897 7
254898 1
254899 2
254900 1
254901 2
254902 4
254903 1
254904 1
254905 1
254906 1
254907 1
254908 3
254909 1
254910 1
254911 2
254912 3
254913 5
254914 1
254915 1
254916 1
254917 1
254918 1
254919 1
254920 3
254921 2
254922 1
254923 1
254924 1
254925 2
254926 1
254927 1
254928 1
254929 1
254930 2
254931 2
254932 1
254933 2
254934 2
254935 1
254936 4
254937 2
254938 1
254939 1
254940 1
254941 2
254942 1
254943 1
254944 2
254945 2
254946 1
254947 1
254948 3
254949 1
254950 2
254951 1
254952 1
254953 8
254954 1
254955 16
254956 1
254957 2
254958 3
254959 1
254960 1
254961 11
254962 1
254963 6
254964 8
254965 6
254966 3
254967 1
254968 1
254969 3
254970 5
254971 2
254972 14
254973 11
254974 1
254975 1
254976 4
254977 9
254978 1
254979 1
254980 9
254981 5
254982 3
254983 2
254984 3
254985 2
254986 1
254987 1
254988 1
254989 3
254990 4
254991 2
254992 1
254993 6
254994 1
254995 1
254996 2
254997 2
254998 1
254999 1
255000 1
255001 1
255002 2
255003 2
255004 1
255005 3
255006 1
255007 1
255008 2
255009 2
255010 1
255011 3
255012 2
255013 1
255014 1
255015 1
255016 2
255017 1
255018 1
255019 2
255020 1
255021 3
255022 1
255023 2
255024 2
255025 1
255026 1
255027 5
255028 1
255029 2
255030 1
255031 2
255032 1
255033 1
255034 1
255035 14
255036 1
255037 1
255038 3
255039 1
255040 1
255041 1
255042 1
255043 1
255044 2
255045 3
255046 1
255047 1
255048 1
255049 1
255050 1
255051 1
255052 2
255053 1
255054 1
255055 1
255056 1
255057 1
255058 1
255059 1
255060 1
255061 1
255062 1
255063 2
255064 1
255065 1
255066 13
255067 3
255068 15
255069 2
255070 1
255071 1
255072 18
255073 14
255074 6
255075 2
255076 3
255077 7
255078 1
255079 7
255080 2
255081 2
255082 1
255083 1
255084 2
255085 7
255086 6
255087 8
255088 1
255089 1
255090 1
255091 4
255092 4
255093 7
255094 82
255095 7
255096 10
255097 106
255098 33
255099 41
255100 5
255101 1
255102 5
255103 17
255104 1
255105 1
255106 1
255107 9
255108 4
255109 78
255110 1
255111 6
255112 48
255113 1
255114 59
255115 32
255116 21
255117 8
255118 8
255119 7
255120 2
255121 2
255122 1
255123 24
255124 3
255125 4
255126 3
255127 11
255128 4
255129 3
255130 1
255131 18
255132 26
255133 1
255134 87
255135 13
255136 61
255137 2
255138 6
255139 1
255140 1
255141 2
255142 2
255143 1
255144 1
255145 1
255146 5
255147 4
255148 11
255149 3
255150 1
255151 1
255152 3
255153 1
255154 1
255155 3
255156 9
255157 35
255158 1
255159 7
255160 1
255161 93
255162 11
255163 1
255164 68
255165 10
255166 45
255167 7
255168 6
255169 1
255170 4
255171 20
255172 4
255173 5
255174 7
255175 12
255176 6
255177 17
255178 7
255179 3
255180 14
255181 8
255182 15
255183 4
255184 2
255185 23
255186 36
255187 19
255188 1
255189 1
255190 2
255191 3
255192 1
255193 2
255194 4
255195 2
255196 1
255197 2
255198 19
255199 3
255200 1
255201 57
255202 6
255203 2
255204 4
255205 1
255206 4
255207 7
255208 1
255209 1
255210 3
255211 1
255212 2
255213 5
255214 10
255215 7
255216 7
255217 12
255218 1
255219 1
255220 4
255221 1
255222 2
255223 1
255224 1
255225 5
255226 10
255227 3
255228 1
255229 1
255230 12
255231 1
255232 26
255233 2
255234 7
255235 1
255236 1
255237 1
255238 2
255239 3
255240 10
255241 17
255242 2
255243 2
255244 2
255245 1
255246 7
255247 1
255248 14
255249 4
255250 10
255251 3
255252 2
255253 1
255254 2
255255 1
255256 1
255257 5
255258 1
255259 3
255260 3
255261 2
255262 1
255263 1
255264 11
255265 3
255266 5
255267 1
255268 2
255269 1
255270 1
255271 2
255272 24
255273 1
255274 10
255275 8
255276 109
255277 44
255278 56
255279 9
255280 52
255281 13
255282 32
255283 3
255284 15
255285 19
255286 23
255287 4
255288 18
255289 3
255290 6
255291 4
255292 2
255293 22
255294 1
255295 2
255296 1
255297 9
255298 3
255299 2
255300 1
255301 1
255302 2
255303 1
255304 1
255305 1
255306 2
255307 1
255308 1
255309 13
255310 3
255311 7
255312 1
255313 13
255314 4
255315 8
255316 1
255317 1
255318 2
255319 1
255320 1
255321 1
255322 5
255323 33
255324 1
255325 14
255326 3
255327 9
255328 1
255329 4
255330 7
255331 2
255332 3
255333 1
255334 7
255335 4
255336 6
255337 2
255338 1
255339 1
255340 5
255341 1
255342 3
255343 7
255344 1
255345 1
255346 1
255347 13
255348 7
255349 7
255350 1
255351 1
255352 3
255353 4
255354 5
255355 3
255356 2
255357 4
255358 2
255359 2
255360 1
255361 1
255362 1
255363 6
255364 7
255365 1
255366 1
255367 2
255368 3
255369 1
255370 2
255371 2
255372 1
255373 1
255374 1
255375 1
255376 2
255377 1
255378 1
255379 1
255380 1
255381 1
255382 1
255383 1
255384 1
255385 1
255386 2
255387 3
255388 16
255389 2
255390 19
255391 1
255392 17
255393 6
255394 10
255395 1
255396 3
255397 9
255398 1
255399 13
255400 2
255401 1
255402 2
255403 1
255404 6
255405 1
255406 5
255407 6
255408 1
255409 10
255410 2
255411 24
255412 1
255413 1
255414 10
255415 1
255416 3
255417 8
255418 90
255419 10
255420 2
255421 1
255422 1
255423 116
255424 35
255425 55
255426 4
255427 7
255428 2
255429 2
255430 2
255431 2
255432 4
255433 15
255434 16
255435 6
255436 4
255437 2
255438 1
255439 6
255440 2
255441 1
255442 1
255443 1
255444 1
255445 18
255446 104
255447 6
255448 9
255449 14
255450 54
255451 4
255452 2
255453 1
255454 69
255455 35
255456 39
255457 1
255458 20
255459 18
255460 5
255461 1
255462 3
255463 27
255464 7
255465 4
255466 1
255467 1
255468 19
255469 5
255470 2
255471 24
255472 27
255473 1
255474 91
255475 12
255476 69
255477 3
255478 2
255479 10
255480 2
255481 1
255482 2
255483 4
255484 1
255485 4
255486 2
255487 8
255488 5
255489 12
255490 4
255491 1
255492 1
255493 1
255494 1
255495 2
255496 1
255497 2
255498 1
255499 1
255500 1
255501 1
255502 1
255503 1
255504 3
255505 13
255506 36
255507 2
255508 6
255509 2
255510 100
255511 13
255512 1
255513 2
255514 4
255515 84
255516 20
255517 55
255518 8
255519 5
255520 2
255521 4
255522 24
255523 2
255524 4
255525 15
255526 11
255527 6
255528 18
255529 7
255530 2
255531 13
255532 1
255533 5
255534 16
255535 6
255536 1
255537 25
255538 25
255539 3
255540 17
255541 2
255542 1
255543 1
255544 4
255545 6
255546 3
255547 1
255548 1
255549 2
255550 8
255551 1
255552 1
255553 1
255554 20
255555 1
255556 2
255557 74
255558 4
255559 3
255560 11
255561 5
255562 3
255563 3
255564 9
255565 1
255566 1
255567 12
255568 5
255569 8
255570 7
255571 17
255572 1
255573 12
255574 1
255575 7
255576 1
255577 3
255578 16
255579 3
255580 10
255581 2
255582 2
255583 10
255584 1
255585 2
255586 3
255587 18
255588 3
255589 9
255590 9
255591 1
255592 8
255593 25
255594 4
255595 12
255596 1
255597 1
255598 3
255599 1
255600 3
255601 2
255602 3
255603 14
255604 14
255605 2
255606 3
255607 2
255608 1
255609 11
255610 4
255611 8
255612 3
255613 2
255614 18
255615 1
255616 2
255617 1
255618 1
255619 11
255620 1
255621 2
255622 1
255623 2
255624 6
255625 1
255626 2
255627 2
255628 1
255629 3
255630 1
255631 4
255632 1
255633 2
255634 28
255635 1
255636 4
255637 4
255638 10
255639 1
255640 3
255641 1
255642 48
255643 1
255644 1
255645 1
255646 38
255647 11
255648 7
255649 4
255650 1
255651 7
255652 1
255653 5
255654 5
255655 1
255656 2
255657 2
255658 1
255659 5
255660 2
255661 4
255662 1
255663 3
255664 1
255665 1
255666 2
255667 2
255668 1
255669 2
255670 2
255671 4
255672 1
255673 1
255674 11
255675 9
255676 9
255677 1
255678 15
255679 6
255680 11
255681 2
255682 2
255683 5
255684 1
255685 2
255686 3
255687 3
255688 68
255689 5
255690 20
255691 4
255692 7
255693 7
255694 2
255695 11
255696 1
255697 2
255698 3
255699 1
255700 7
255701 5
255702 3
255703 4
255704 1
255705 1
255706 7
255707 7
255708 2
255709 1
255710 1
255711 1
255712 1
255713 18
255714 6
255715 3
255716 3
255717 1
255718 1
255719 1
255720 4
255721 4
255722 1
255723 8
255724 1
255725 1
255726 1
255727 1
255728 2
255729 2
255730 3
255731 8
255732 4
255733 2
255734 1
255735 1
255736 8
255737 4
255738 1
255739 1
255740 1
255741 2
255742 2
255743 1
255744 20
255745 1
255746 1
255747 8
255748 20
255749 2
255750 27
255751 18
255752 10
255753 5
255754 7
255755 7
255756 1
255757 1
255758 13
255759 26
255760 1
255761 11
255762 3
255763 3
255764 4
255765 3
255766 1
255767 12
255768 19
255769 1
255770 18
255771 3
255772 41
255773 1
255774 2
255775 1
255776 2
255777 2
255778 2
255779 2
255780 1
255781 22
255782 2
255783 7
255784 13
255785 103
255786 9
255787 15
255788 108
255789 57
255790 60
255791 8
255792 3
255793 7
255794 2
255795 6
255796 1
255797 20
255798 27
255799 3
255800 1
255801 1
255802 1
255803 2
255804 2
255805 5
255806 9
255807 1
255808 3
255809 1
255810 1
255811 1
255812 2
255813 20
255814 110
255815 9
255816 4
255817 26
255818 78
255819 5
255820 6
255821 82
255822 71
255823 5
255824 53
255825 2
255826 32
255827 35
255828 13
255829 6
255830 2
255831 1
255832 44
255833 12
255834 2
255835 6
255836 4
255837 2
255838 5
255839 17
255840 9
255841 30
255842 39
255843 103
255844 28
255845 2
255846 82
255847 2
255848 8
255849 6
255850 26
255851 1
255852 1
255853 6
255854 10
255855 4
255856 2
255857 1
255858 1
255859 17
255860 1
255861 10
255862 7
255863 3
255864 1
255865 1
255866 1
255867 1
255868 4
255869 2
255870 12
255871 5
255872 1
255873 1
255874 1
255875 9
255876 15
255877 53
255878 3
255879 7
255880 1
255881 2
255882 98
255883 18
255884 1
255885 12
255886 88
255887 19
255888 71
255889 5
255890 1
255891 20
255892 1
255893 1
255894 10
255895 52
255896 2
255897 24
255898 29
255899 27
255900 6
255901 31
255902 19
255903 2
255904 3
255905 19
255906 1
255907 3
255908 4
255909 35
255910 9
255911 1
255912 2
255913 57
255914 47
255915 3
255916 26
255917 3
255918 1
255919 5
255920 8
255921 10
255922 4
255923 4
255924 1
255925 9
255926 4
255927 2
255928 1
255929 2
255930 2
255931 37
255932 1
255933 2
255934 92
255935 7
255936 1
255937 2
255938 9
255939 10
255940 4
255941 8
255942 5
255943 16
255944 1
255945 1
255946 20
255947 3
255948 18
255949 24
255950 21
255951 27
255952 3
255953 15
255954 1
255955 2
255956 4
255957 7
255958 2
255959 16
255960 2
255961 6
255962 1
255963 2
255964 1
255965 7
255966 3
255967 27
255968 3
255969 9
255970 11
255971 1
255972 1
255973 16
255974 41
255975 5
255976 15
255977 2
255978 1
255979 1
255980 1
255981 4
255982 1
255983 6
255984 4
255985 15
255986 39
255987 36
255988 3
255989 3
255990 2
255991 1
255992 2
255993 16
255994 1
255995 3
255996 5
255997 28
255998 5
255999 3
256000 35
256001 1
256002 5
256003 2
256004 3
256005 2
256006 1
256007 1
256008 7
256009 1
256010 1
256011 4
256012 7
256013 16
256014 3
256015 1
256016 1
256017 1
256018 1
256019 1
256020 2
256021 34
256022 3
256023 3
256024 6
256025 1
256026 5
256027 9
256028 4
256029 2
256030 4
256031 4
256032 1
256033 85
256034 2
256035 1
256036 5
256037 4
256038 57
256039 1
256040 18
256041 21
256042 2
256043 21
256044 8
256045 15
256046 6
256047 5
256048 10
256049 1
256050 3
256051 1
256052 1
256053 16
256054 2
256055 2
256056 2
256057 2
256058 23
256059 2
256060 13
256061 17
256062 2
256063 3
256064 1
256065 3
256066 8
256067 16
256068 1
256069 2
256070 4
256071 6
256072 1
256073 2
256074 1
256075 17
256076 1
256077 1
256078 5
256079 39
256080 19
256081 16
256082 1
256083 29
256084 12
256085 9
256086 1
256087 1
256088 5
256089 1
256090 5
256091 9
256092 2
256093 1
256094 5
256095 2
256096 12
256097 79
256098 10
256099 2
256100 29
256101 7
256102 19
256103 3
256104 15
256105 2
256106 2
256107 2
256108 38
256109 9
256110 6
256111 1
256112 3
256113 10
256114 1
256115 9
256116 4
256117 1
256118 5
256119 1
256120 3
256121 1
256122 13
256123 1
256124 2
256125 1
256126 9
256127 1
256128 17
256129 12
256130 11
256131 1
256132 4
256133 1
256134 5
256135 1
256136 2
256137 9
256138 1
256139 3
256140 1
256141 2
256142 13
256143 1
256144 1
256145 1
256146 1
256147 3
256148 4
256149 1
256150 3
256151 1
256152 1
256153 1
256154 10
256155 1
256156 8
256157 11
256158 1
256159 1
256160 2
256161 1
256162 1
256163 2
256164 1
256165 2
256166 5
256167 1
256168 3
256169 1
256170 5
256171 1
256172 3
256173 3
256174 1
256175 23
256176 1
256177 21
256178 1
256179 1
256180 24
256181 25
256182 7
256183 4
256184 3
256185 1
256186 1
256187 3
256188 2
256189 2
256190 3
256191 23
256192 3
256193 3
256194 2
256195 1
256196 2
256197 1
256198 3
256199 5
256200 13
256201 3
256202 23
256203 1
256204 1
256205 1
256206 1
256207 11
256208 1
256209 3
256210 14
256211 102
256212 5
256213 6
256214 1
256215 119
256216 64
256217 1
256218 67
256219 1
256220 8
256221 3
256222 5
256223 1
256224 1
256225 16
256226 12
256227 2
256228 4
256229 1
256230 1
256231 2
256232 1
256233 3
256234 9
256235 109
256236 2
256237 10
256238 71
256239 3
256240 2
256241 1
256242 76
256243 77
256244 2
256245 46
256246 1
256247 12
256248 15
256249 7
256250 1
256251 1
256252 1
256253 21
256254 6
256255 1
256256 5
256257 2
256258 2
256259 17
256260 3
256261 4
256262 23
256263 33
256264 108
256265 22
256266 91
256267 1
256268 2
256269 6
256270 1
256271 4
256272 5
256273 1
256274 5
256275 1
256276 5
256277 2
256278 8
256279 4
256280 1
256281 2
256282 3
256283 2
256284 8
256285 29
256286 37
256287 3
256288 10
256289 3
256290 102
256291 14
256292 1
256293 16
256294 92
256295 16
256296 80
256297 7
256298 12
256299 1
256300 1
256301 9
256302 33
256303 3
256304 10
256305 18
256306 13
256307 9
256308 57
256309 10
256310 1
256311 1
256312 32
256313 1
256314 1
256315 53
256316 7
256317 3
256318 40
256319 76
256320 21
256321 24
256322 1
256323 4
256324 3
256325 3
256326 1
256327 6
256328 2
256329 2
256330 8
256331 5
256332 3
256333 1
256334 2
256335 1
256336 33
256337 2
256338 89
256339 13
256340 1
256341 14
256342 5
256343 2
256344 6
256345 3
256346 12
256347 22
256348 3
256349 7
256350 21
256351 14
256352 32
256353 14
256354 17
256355 1
256356 1
256357 4
256358 1
256359 2
256360 10
256361 4
256362 1
256363 1
256364 1
256365 1
256366 1
256367 1
256368 4
256369 1
256370 8
256371 2
256372 1
256373 11
256374 19
256375 1
256376 16
256377 3
256378 1
256379 1
256380 2
256381 6
256382 1
256383 17
256384 23
256385 2
256386 2
256387 1
256388 10
256389 1
256390 11
256391 2
256392 3
256393 13
256394 7
256395 4
256396 1
256397 1
256398 4
256399 1
256400 1
256401 6
256402 1
256403 9
256404 3
256405 3
256406 1
256407 4
256408 2
256409 1
256410 1
256411 2
256412 57
256413 1
256414 3
256415 18
256416 1
256417 10
256418 36
256419 7
256420 4
256421 9
256422 2
256423 35
256424 2
256425 1
256426 1
256427 2
256428 1
256429 18
256430 7
256431 7
256432 1
256433 8
256434 1
256435 6
256436 1
256437 3
256438 2
256439 7
256440 1
256441 1
256442 1
256443 1
256444 19
256445 1
256446 2
256447 3
256448 1
256449 1
256450 2
256451 1
256452 1
256453 1
256454 1
256455 11
256456 2
256457 16
256458 7
256459 11
256460 1
256461 20
256462 6
256463 17
256464 1
256465 1
256466 2
256467 2
256468 5
256469 1
256470 1
256471 2
256472 4
256473 1
256474 51
256475 7
256476 9
256477 1
256478 10
256479 1
256480 3
256481 18
256482 2
256483 1
256484 2
256485 8
256486 10
256487 7
256488 6
256489 1
256490 6
256491 1
256492 1
256493 7
256494 1
256495 6
256496 13
256497 1
256498 1
256499 2
256500 28
256501 16
256502 7
256503 2
256504 6
256505 3
256506 1
256507 3
256508 19
256509 1
256510 1
256511 7
256512 1
256513 1
256514 21
256515 1
256516 1
256517 1
256518 3
256519 2
256520 2
256521 1
256522 4
256523 1
256524 1
256525 8
256526 6
256527 2
256528 1
256529 2
256530 1
256531 1
256532 4
256533 1
256534 1
256535 1
256536 1
256537 1
256538 2
256539 20
256540 27
256541 2
256542 1
256543 27
256544 15
256545 10
256546 1
256547 7
256548 10
256549 1
256550 1
256551 1
256552 11
256553 3
256554 5
256555 16
256556 4
256557 7
256558 1
256559 1
256560 6
256561 8
256562 1
256563 8
256564 2
256565 19
256566 1
256567 1
256568 1
256569 1
256570 1
256571 2
256572 10
256573 3
256574 11
256575 103
256576 3
256577 4
256578 109
256579 31
256580 55
256581 1
256582 1
256583 4
256584 1
256585 4
256586 3
256587 3
256588 10
256589 18
256590 2
256591 1
256592 1
256593 2
256594 1
256595 7
256596 1
256597 3
256598 30
256599 120
256600 1
256601 5
256602 14
256603 89
256604 7
256605 4
256606 103
256607 99
256608 49
256609 4
256610 15
256611 26
256612 9
256613 4
256614 4
256615 3
256616 1
256617 50
256618 17
256619 2
256620 16
256621 3
256622 3
256623 22
256624 3
256625 1
256626 1
256627 29
256628 32
256629 104
256630 19
256631 3
256632 80
256633 1
256634 7
256635 3
256636 9
256637 5
256638 7
256639 1
256640 2
256641 2
256642 1
256643 10
256644 1
256645 9
256646 1
256647 1
256648 1
256649 1
256650 2
256651 3
256652 1
256653 1
256654 9
256655 32
256656 50
256657 2
256658 8
256659 1
256660 103
256661 11
256662 1
256663 24
256664 96
256665 16
256666 75
256667 4
256668 2
256669 15
256670 7
256671 25
256672 2
256673 17
256674 23
256675 21
256676 13
256677 58
256678 12
256679 6
256680 21
256681 2
256682 3
256683 1
256684 7
256685 24
256686 2
256687 5
256688 29
256689 52
256690 8
256691 19
256692 1
256693 1
256694 4
256695 1
256696 3
256697 1
256698 2
256699 7
256700 5
256701 2
256702 2
256703 10
256704 2
256705 2
256706 1
256707 1
256708 1
256709 1
256710 1
256711 36
256712 5
256713 2
256714 2
256715 87
256716 10
256717 1
256718 15
256719 8
256720 3
256721 9
256722 2
256723 10
256724 19
256725 13
256726 14
256727 17
256728 42
256729 9
256730 14
256731 1
256732 3
256733 1
256734 6
256735 2
256736 2
256737 2
256738 2
256739 6
256740 5
256741 1
256742 1
256743 1
256744 7
256745 1
256746 1
256747 20
256748 2
256749 8
256750 1
256751 2
256752 3
256753 2
256754 2
256755 4
256756 27
256757 19
256758 3
256759 2
256760 2
256761 1
256762 13
256763 1
256764 1
256765 4
256766 14
256767 4
256768 24
256769 4
256770 4
256771 1
256772 2
256773 6
256774 1
256775 1
256776 1
256777 2
256778 4
256779 1
256780 1
256781 5
256782 1
256783 1
256784 2
256785 41
256786 1
256787 3
256788 19
256789 1
256790 8
256791 11
256792 4
256793 3
256794 6
256795 4
256796 77
256797 2
256798 2
256799 1
256800 1
256801 1
256802 1
256803 47
256804 2
256805 16
256806 24
256807 16
256808 2
256809 10
256810 2
256811 6
256812 5
256813 1
256814 3
256815 3
256816 1
256817 17
256818 1
256819 6
256820 8
256821 4
256822 2
256823 1
256824 2
256825 1
256826 7
256827 1
256828 1
256829 1
256830 1
256831 11
256832 1
256833 4
256834 32
256835 15
256836 11
256837 1
256838 1
256839 28
256840 7
256841 17
256842 4
256843 2
256844 3
256845 10
256846 2
256847 2
256848 1
256849 2
256850 2
256851 69
256852 8
256853 14
256854 5
256855 18
256856 1
256857 3
256858 1
256859 2
256860 24
256861 1
256862 2
256863 6
256864 1
256865 2
256866 9
256867 5
256868 12
256869 3
256870 4
256871 1
256872 12
256873 5
256874 3
256875 5
256876 2
256877 21
256878 1
256879 2
256880 25
256881 1
256882 9
256883 10
256884 3
256885 6
256886 4
256887 1
256888 1
256889 15
256890 2
256891 2
256892 3
256893 2
256894 32
256895 1
256896 1
256897 2
256898 3
256899 1
256900 1
256901 4
256902 7
256903 6
256904 1
256905 1
256906 1
256907 1
256908 2
256909 1
256910 5
256911 1
256912 1
256913 3
256914 1
256915 1
256916 2
256917 1
256918 2
256919 1
256920 4
256921 52
256922 1
256923 14
256924 54
256925 8
256926 1
256927 1
256928 60
256929 25
256930 27
256931 1
256932 6
256933 7
256934 24
256935 4
256936 5
256937 4
256938 39
256939 2
256940 10
256941 7
256942 15
256943 5
256944 2
256945 1
256946 1
256947 1
256948 5
256949 12
256950 40
256951 25
256952 5
256953 66
256954 2
256955 1
256956 1
256957 6
256958 2
256959 1
256960 1
256961 1
256962 5
256963 29
256964 10
256965 6
256966 25
256967 122
256968 14
256969 14
256970 3
256971 122
256972 70
256973 2
256974 102
256975 2
256976 19
256977 3
256978 10
256979 7
256980 1
256981 2
256982 2
256983 38
256984 42
256985 7
256986 10
256987 1
256988 1
256989 9
256990 7
256991 8
256992 3
256993 1
256994 1
256995 1
256996 2
256997 1
256998 3
256999 8
257000 38
257001 123
257002 14
257003 11
257004 38
257005 110
257006 8
257007 9
257008 111
257009 94
257010 2
257011 91
257012 13
257013 45
257014 58
257015 25
257016 1
257017 7
257018 5
257019 4
257020 1
257021 87
257022 24
257023 7
257024 13
257025 10
257026 3
257027 12
257028 41
257029 9
257030 5
257031 83
257032 70
257033 3
257034 2
257035 1
257036 2
257037 125
257038 44
257039 1
257040 116
257041 6
257042 2
257043 9
257044 4
257045 44
257046 5
257047 6
257048 7
257049 26
257050 10
257051 8
257052 1
257053 2
257054 1
257055 15
257056 13
257057 20
257058 1
257059 15
257060 1
257061 1
257062 2
257063 3
257064 1
257065 4
257066 1
257067 5
257068 1
257069 10
257070 2
257071 4
257072 1
257073 1
257074 1
257075 2
257076 2
257077 1
257078 3
257079 1
257080 2
257081 2
257082 1
257083 10
257084 58
257085 1
257086 93
257087 5
257088 22
257089 6
257090 124
257091 45
257092 3
257093 1
257094 20
257095 110
257096 31
257097 106
257098 4
257099 2
257100 38
257101 3
257102 15
257103 84
257104 4
257105 15
257106 46
257107 55
257108 22
257109 66
257110 40
257111 10
257112 33
257113 4
257114 2
257115 5
257116 47
257117 6
257118 1
257119 4
257120 64
257121 47
257122 4
257123 49
257124 1
257125 7
257126 3
257127 14
257128 1
257129 7
257130 5
257131 8
257132 2
257133 19
257134 1
257135 1
257136 1
257137 1
257138 3
257139 1
257140 1
257141 1
257142 3
257143 1
257144 80
257145 2
257146 6
257147 121
257148 21
257149 3
257150 23
257151 22
257152 5
257153 15
257154 5
257155 27
257156 3
257157 7
257158 56
257159 6
257160 8
257161 37
257162 50
257163 52
257164 6
257165 52
257166 9
257167 1
257168 8
257169 20
257170 2
257171 5
257172 1
257173 28
257174 4
257175 12
257176 4
257177 1
257178 1
257179 19
257180 1
257181 2
257182 13
257183 10
257184 8
257185 5
257186 2
257187 40
257188 22
257189 1
257190 2
257191 3
257192 30
257193 2
257194 53
257195 1
257196 32
257197 1
257198 2
257199 3
257200 11
257201 5
257202 9
257203 30
257204 2
257205 57
257206 64
257207 3
257208 11
257209 2
257210 11
257211 5
257212 42
257213 1
257214 9
257215 14
257216 59
257217 4
257218 17
257219 60
257220 12
257221 9
257222 1
257223 3
257224 4
257225 6
257226 17
257227 3
257228 7
257229 1
257230 1
257231 2
257232 10
257233 1
257234 1
257235 2
257236 1
257237 1
257238 1
257239 12
257240 12
257241 1
257242 2
257243 1
257244 2
257245 1
257246 1
257247 1
257248 2
257249 1
257250 1
257251 2
257252 8
257253 72
257254 2
257255 20
257256 1
257257 24
257258 10
257259 1
257260 13
257261 1
257262 3
257263 13
257264 8
257265 1
257266 3
257267 113
257268 3
257269 1
257270 5
257271 1
257272 2
257273 2
257274 96
257275 1
257276 43
257277 52
257278 12
257279 1
257280 2
257281 41
257282 14
257283 24
257284 16
257285 16
257286 20
257287 5
257288 9
257289 7
257290 14
257291 1
257292 2
257293 3
257294 40
257295 1
257296 1
257297 9
257298 2
257299 6
257300 9
257301 2
257302 1
257303 3
257304 3
257305 3
257306 3
257307 2
257308 6
257309 1
257310 1
257311 1
257312 7
257313 1
257314 8
257315 9
257316 55
257317 37
257318 35
257319 2
257320 1
257321 59
257322 11
257323 1
257324 40
257325 1
257326 7
257327 3
257328 9
257329 1
257330 8
257331 29
257332 1
257333 2
257334 8
257335 1
257336 1
257337 15
257338 8
257339 40
257340 1
257341 115
257342 35
257343 3
257344 1
257345 48
257346 9
257347 37
257348 4
257349 6
257350 26
257351 3
257352 8
257353 4
257354 55
257355 16
257356 29
257357 1
257358 6
257359 2
257360 39
257361 24
257362 28
257363 1
257364 11
257365 3
257366 9
257367 7
257368 5
257369 27
257370 1
257371 1
257372 4
257373 13
257374 1
257375 2
257376 33
257377 1
257378 1
257379 4
257380 3
257381 38
257382 2
257383 30
257384 25
257385 7
257386 2
257387 13
257388 3
257389 2
257390 3
257391 3
257392 25
257393 2
257394 2
257395 2
257396 16
257397 1
257398 3
257399 26
257400 1
257401 10
257402 2
257403 1
257404 18
257405 1
257406 1
257407 1
257408 4
257409 4
257410 3
257411 5
257412 1
257413 1
257414 42
257415 33
257416 1
257417 1
257418 4
257419 1
257420 1
257421 10
257422 2
257423 2
257424 1
257425 2
257426 19
257427 2
257428 7
257429 1
257430 3
257431 1
257432 3
257433 9
257434 1
257435 1
257436 1
257437 1
257438 10
257439 3
257440 1
257441 6
257442 46
257443 1
257444 1
257445 14
257446 59
257447 5
257448 2
257449 7
257450 50
257451 34
257452 31
257453 11
257454 10
257455 29
257456 3
257457 3
257458 16
257459 5
257460 12
257461 5
257462 3
257463 25
257464 1
257465 1
257466 4
257467 5
257468 2
257469 1
257470 31
257471 15
257472 1
257473 32
257474 52
257475 2
257476 1
257477 2
257478 2
257479 2
257480 1
257481 1
257482 4
257483 2
257484 26
257485 6
257486 1
257487 9
257488 21
257489 124
257490 17
257491 30
257492 3
257493 125
257494 75
257495 2
257496 99
257497 1
257498 2
257499 37
257500 9
257501 32
257502 8
257503 3
257504 2
257505 32
257506 52
257507 9
257508 8
257509 1
257510 2
257511 3
257512 3
257513 1
257514 1
257515 1
257516 4
257517 11
257518 1
257519 1
257520 9
257521 1
257522 1
257523 1
257524 2
257525 1
257526 9
257527 46
257528 125
257529 14
257530 6
257531 43
257532 107
257533 12
257534 13
257535 1
257536 120
257537 106
257538 4
257539 102
257540 7
257541 48
257542 43
257543 32
257544 13
257545 2
257546 1
257547 4
257548 2
257549 83
257550 22
257551 5
257552 18
257553 14
257554 4
257555 13
257556 52
257557 8
257558 14
257559 3
257560 95
257561 81
257562 2
257563 1
257564 3
257565 123
257566 35
257567 1
257568 112
257569 15
257570 6
257571 92
257572 1
257573 3
257574 21
257575 14
257576 8
257577 9
257578 1
257579 1
257580 9
257581 2
257582 32
257583 12
257584 1
257585 23
257586 2
257587 11
257588 1
257589 6
257590 1
257591 2
257592 1
257593 10
257594 5
257595 18
257596 2
257597 3
257598 1
257599 1
257600 2
257601 1
257602 2
257603 1
257604 1
257605 1
257606 1
257607 20
257608 1
257609 60
257610 91
257611 6
257612 20
257613 5
257614 124
257615 41
257616 3
257617 4
257618 38
257619 121
257620 22
257621 110
257622 6
257623 39
257624 1
257625 16
257626 63
257627 14
257628 22
257629 29
257630 41
257631 13
257632 88
257633 51
257634 1
257635 18
257636 31
257637 3
257638 7
257639 47
257640 11
257641 5
257642 58
257643 55
257644 6
257645 35
257646 2
257647 5
257648 3
257649 8
257650 7
257651 10
257652 4
257653 1
257654 9
257655 31
257656 4
257657 1
257658 2
257659 3
257660 3
257661 2
257662 1
257663 64
257664 1
257665 8
257666 1
257667 122
257668 19
257669 20
257670 20
257671 6
257672 9
257673 5
257674 30
257675 3
257676 6
257677 41
257678 4
257679 8
257680 25
257681 38
257682 52
257683 19
257684 42
257685 4
257686 1
257687 5
257688 15
257689 5
257690 9
257691 14
257692 14
257693 4
257694 2
257695 1
257696 7
257697 3
257698 12
257699 4
257700 6
257701 1
257702 1
257703 29
257704 37
257705 1
257706 1
257707 34
257708 49
257709 3
257710 25
257711 2
257712 1
257713 3
257714 5
257715 1
257716 6
257717 8
257718 65
257719 58
257720 94
257721 10
257722 4
257723 15
257724 2
257725 2
257726 6
257727 4
257728 1
257729 50
257730 12
257731 10
257732 17
257733 66
257734 8
257735 13
257736 93
257737 12
257738 15
257739 1
257740 5
257741 3
257742 1
257743 4
257744 33
257745 2
257746 1
257747 3
257748 2
257749 1
257750 4
257751 1
257752 24
257753 1
257754 4
257755 7
257756 9
257757 1
257758 1
257759 2
257760 1
257761 4
257762 1
257763 1
257764 2
257765 80
257766 1
257767 4
257768 26
257769 3
257770 31
257771 20
257772 7
257773 1
257774 5
257775 6
257776 11
257777 6
257778 117
257779 8
257780 1
257781 1
257782 7
257783 7
257784 102
257785 2
257786 59
257787 47
257788 8
257789 1
257790 2
257791 44
257792 11
257793 24
257794 2
257795 11
257796 10
257797 24
257798 2
257799 3
257800 6
257801 11
257802 1
257803 1
257804 42
257805 2
257806 1
257807 2
257808 10
257809 11
257810 2
257811 1
257812 8
257813 2
257814 5
257815 2
257816 2
257817 8
257818 4
257819 13
257820 8
257821 3
257822 56
257823 2
257824 30
257825 29
257826 1
257827 1
257828 45
257829 12
257830 33
257831 1
257832 3
257833 4
257834 9
257835 2
257836 4
257837 5
257838 14
257839 1
257840 1
257841 4
257842 1
257843 1
257844 4
257845 13
257846 1
257847 28
257848 3
257849 120
257850 21
257851 1
257852 56
257853 8
257854 29
257855 1
257856 4
257857 45
257858 3
257859 8
257860 4
257861 74
257862 1
257863 6
257864 42
257865 1
257866 1
257867 5
257868 2
257869 1
257870 30
257871 21
257872 24
257873 2
257874 10
257875 3
257876 5
257877 2
257878 5
257879 34
257880 2
257881 1
257882 1
257883 2
257884 20
257885 3
257886 25
257887 3
257888 2
257889 65
257890 1
257891 1
257892 37
257893 45
257894 4
257895 1
257896 16
257897 7
257898 6
257899 8
257900 4
257901 41
257902 6
257903 3
257904 17
257905 1
257906 9
257907 48
257908 1
257909 1
257910 9
257911 1
257912 2
257913 13
257914 5
257915 3
257916 5
257917 6
257918 3
257919 1
257920 5
257921 36
257922 44
257923 1
257924 2
257925 1
257926 1
257927 1
257928 2
257929 3
257930 5
257931 4
257932 1
257933 1
257934 1
257935 29
257936 1
257937 10
257938 1
257939 4
257940 2
257941 4
257942 15
257943 4
257944 5
257945 3
257946 2
257947 2
257948 2
257949 4
257950 1
257951 5
257952 1
257953 1
257954 10
257955 2
257956 2
257957 2
257958 1
257959 2
257960 1
257961 1
257962 1
257963 1
257964 3
257965 2
257966 1
257967 6
257968 1
257969 2
257970 3
257971 35
257972 5
257973 45
257974 13
257975 13
257976 1
257977 2
257978 1
257979 1
257980 5
257981 5
257982 1
257983 1
257984 1
257985 1
257986 1
257987 1
257988 2
257989 40
257990 2
257991 18
257992 1
257993 27
257994 10
257995 9
257996 1
257997 5
257998 6
257999 3
258000 10
258001 2
258002 3
258003 1
258004 1
258005 1
258006 10
258007 6
258008 1
258009 38
258010 5
258011 21
258012 1
258013 1
258014 6
258015 3
258016 3
258017 2
258018 3
258019 4
258020 1
258021 1
258022 1
258023 2
258024 2
258025 1
258026 1
258027 1
258028 15
258029 50
258030 16
258031 3
258032 1
258033 38
258034 3
258035 2
258036 27
258037 4
258038 21
258039 2
258040 2
258041 6
258042 4
258043 1
258044 2
258045 8
258046 28
258047 2
258048 2
258049 1
258050 4
258051 4
258052 12
258053 7
258054 3
258055 1
258056 1
258057 1
258058 4
258059 1
258060 2
258061 2
258062 7
258063 3
258064 21
258065 2
258066 1
258067 3
258068 2
258069 1
258070 1
258071 5
258072 1
258073 5
258074 4
258075 5
258076 13
258077 1
258078 2
258079 5
258080 4
258081 1
258082 1
258083 7
258084 12
258085 5
258086 1
258087 7
258088 3
258089 2
258090 6
258091 8
258092 1
258093 2
258094 2
258095 5
258096 2
258097 9
258098 5
258099 12
258100 10
258101 16
258102 1
258103 1
258104 1
258105 2
258106 1
258107 6
258108 1
258109 4
258110 2
258111 1
258112 1
258113 20
258114 2
258115 1
258116 3
258117 8
258118 6
258119 7
258120 2
258121 1
258122 1
258123 1
258124 4
258125 2
258126 2
258127 3
258128 12
258129 1
258130 12
258131 11
258132 6
258133 3
258134 1
258135 5
258136 1
258137 3
258138 1
258139 1
258140 13
258141 1
258142 3
258143 16
258144 1
258145 1
258146 7
258147 5
258148 3
258149 7
258150 1
258151 1
258152 1
258153 1
258154 2
258155 30
258156 1
258157 6
258158 3
258159 4
258160 1
258161 8
258162 1
258163 2
258164 1
258165 1
258166 1
258167 25
258168 13
258169 29
258170 3
258171 10
258172 1
258173 9
258174 3
258175 1
258176 25
258177 2
258178 3
258179 14
258180 1
258181 1
258182 32
258183 1
258184 1
258185 1
258186 10
258187 84
258188 52
258189 47
258190 2
258191 23
258192 5
258193 11
258194 2
258195 7
258196 5
258197 40
258198 2
258199 1
258200 2
258201 16
258202 8
258203 58
258204 1
258205 1
258206 2
258207 2
258208 1
258209 1
258210 1
258211 1
258212 1
258213 1
258214 1
258215 1
258216 1
258217 2
258218 12
258219 4
258220 3
258221 1
258222 1
258223 1
258224 7
258225 1
258226 2
258227 3
258228 2
258229 1
258230 1
258231 2
258232 1
258233 1
258234 5
258235 1
258236 1
258237 1
258238 1
258239 2
258240 2
258241 1
258242 1
258243 4
258244 1
258245 11
258246 1
258247 1
258248 3
258249 2
258250 1
258251 2
258252 1
258253 2
258254 1
258255 3
258256 2
258257 2
258258 1
258259 1
258260 1
258261 2
258262 3
258263 3
258264 1
258265 1
258266 1
258267 1
258268 2
258269 1
258270 3
258271 6
258272 3
258273 2
258274 2
258275 1
258276 1
258277 2
258278 2
258279 2
258280 3
258281 3
258282 2
258283 1
258284 1
258285 3
258286 2
258287 6
258288 6
258289 2
258290 4
258291 1
258292 1
258293 1
258294 1
258295 1
258296 1
258297 1
258298 2
258299 1
258300 1
258301 2
258302 10
258303 2
258304 2
258305 1
258306 1
258307 1
258308 7
258309 3
258310 1
258311 1
258312 2
258313 2
258314 1
258315 14
258316 5
258317 2
258318 1
258319 2
258320 5
258321 2
258322 2
258323 1
258324 1
258325 1
258326 2
258327 1
258328 1
258329 1
258330 1
258331 1
258332 1
258333 1
258334 1
258335 2
258336 1
258337 1
258338 1
258339 1
258340 1
258341 1
258342 1
258343 2
258344 4
258345 1
258346 1
258347 1
258348 1
258349 1
258350 1
258351 1
258352 1
258353 3
258354 1
258355 1
258356 1
258357 1
258358 1
258359 1
258360 1
258361 1
258362 1
258363 1
258364 3
258365 1
258366 5
258367 4
258368 1
258369 3
258370 2
258371 1
258372 1
258373 1
258374 2
258375 2
258376 1
258377 1
258378 6
258379 3
258380 3
258381 1
258382 2
258383 42
258384 2
258385 1
258386 1
258387 73
258388 8
258389 24
258390 1
258391 3
258392 6
258393 1
258394 1
258395 1
258396 2
258397 4
258398 2
258399 2
258400 1
258401 5
258402 2
258403 30
258404 1
258405 2
258406 8
258407 13
258408 8
258409 5
258410 3
258411 1
258412 1
258413 1
258414 2
258415 1
258416 6
258417 2
258418 5
258419 6
258420 27
258421 1
258422 25
258423 1
258424 2
258425 4
258426 2
258427 1
258428 1
258429 1
258430 1
258431 1
258432 3
258433 3
258434 2
258435 6
258436 2
258437 3
258438 1
258439 16
258440 3
258441 31
258442 2
258443 3
258444 22
258445 1
258446 14
258447 1
258448 3
258449 1
258450 1
258451 2
258452 2
258453 4
258454 34
258455 1
258456 4
258457 3
258458 2
258459 1
258460 1
258461 4
258462 4
258463 2
258464 2
258465 4
258466 1
258467 29
258468 1
258469 4
258470 1
258471 2
258472 15
258473 2
258474 1
258475 2
258476 1
258477 1
258478 2
258479 1
258480 5
258481 1
258482 16
258483 2
258484 3
258485 1
258486 1
258487 6
258488 3
258489 1
258490 2
258491 1
258492 5
258493 6
258494 32
258495 17
258496 1
258497 1
258498 6
258499 1
258500 2
258501 2
258502 2
258503 1
258504 1
258505 3
258506 2
258507 5
258508 3
258509 2
258510 1
258511 1
258512 6
258513 3
258514 26
258515 6
258516 3
258517 3
258518 4
258519 1
258520 1
258521 2
258522 1
258523 1
258524 3
258525 1
258526 1
258527 1
258528 1
258529 1
258530 2
258531 1
258532 16
258533 5
258534 5
258535 4
258536 2
258537 1
258538 3
258539 1
258540 11
258541 1
258542 4
258543 1
258544 1
258545 1
258546 8
258547 7
258548 4
258549 3
258550 3
258551 9
258552 4
258553 2
258554 2
258555 6
258556 1
258557 1
258558 20
258559 1
258560 5
258561 5
258562 2
258563 5
258564 1
258565 3
258566 1
258567 3
258568 1
258569 1
258570 5
258571 1
258572 1
258573 1
258574 1
