247137 1
247138 1
247139 1
247140 1
247141 3
247142 65
247143 125
247144 33
247145 23
247146 114
247147 125
247148 54
247149 10
247150 9
247151 51
247152 125
247153 125
247154 21
247155 116
247156 5
247157 100
247158 105
247159 123
247160 25
247161 5
247162 1
247163 61
247164 39
247165 1
247166 109
247167 83
247168 94
247169 91
247170 69
247171 106
247172 11
247173 9
247174 2
247175 28
247176 62
247177 20
247178 15
247179 1
247180 9
247181 106
247182 111
247183 12
247184 1
247185 16
247186 112
247187 55
247188 3
247189 124
247190 3
247191 17
247192 4
247193 1
247194 18
247195 35
247196 1
247197 21
247198 13
247199 29
247200 21
247201 59
247202 10
247203 1
247204 4
247205 33
247206 115
247207 59
247208 2
247209 60
247210 112
247211 125
247212 91
247213 96
247214 4
247215 51
247216 125
247217 125
247218 17
247219 125
247220 1
247221 25
247222 17
247223 106
247224 42
247225 81
247226 2
247227 55
247228 13
247229 1
247230 40
247231 38
247232 116
247233 123
247234 85
247235 114
247236 10
247237 9
247238 10
247239 4
247240 2
247241 1
247242 1
247243 33
247244 2
247245 2
247246 3
247247 1
247248 1
247249 28
247250 99
247251 91
247252 2
247253 24
247254 4
247255 32
247256 121
247257 41
247258 33
247259 1
247260 7
247261 3
247262 62
247263 48
247264 5
247265 23
247266 6
247267 4
247268 10
247269 13
247270 9
247271 1
247272 20
247273 7
247274 8
247275 14
247276 15
247277 32
247278 4
247279 4
247280 1
247281 11
247282 57
247283 122
247284 125
247285 82
247286 53
247287 118
247288 125
247289 67
247290 68
247291 15
247292 22
247293 125
247294 125
247295 75
247296 125
247297 53
247298 125
247299 122
247300 115
247301 3
247302 62
247303 50
247304 3
247305 44
247306 13
247307 125
247308 118
247309 49
247310 108
247311 92
247312 33
247313 1
247314 57
247315 122
247316 79
247317 79
247318 3
247319 56
247320 125
247321 125
247322 21
247323 9
247324 5
247325 19
247326 125
247327 123
247328 45
247329 125
247330 1
247331 28
247332 5
247333 82
247334 1
247335 3
247336 57
247337 123
247338 2
247339 25
247340 40
247341 102
247342 101
247343 75
247344 96
247345 17
247346 3
247347 1
247348 35
247349 17
247350 3
247351 17
247352 1
247353 108
247354 74
247355 1
247356 2
247357 110
247358 14
247359 2
247360 75
247361 1
247362 2
247363 17
247364 15
247365 24
247366 5
247367 6
247368 7
247369 11
247370 4
247371 1
247372 5
247373 10
247374 24
247375 4
247376 1
247377 75
247378 49
247379 1
247380 1
247381 79
247382 10
247383 1
247384 52
247385 11
247386 9
247387 5
247388 2
247389 2
247390 9
247391 14
247392 3
247393 6
247394 1
247395 14
247396 3
247397 14
247398 19
247399 3
247400 1
247401 4
247402 1
247403 7
247404 9
247405 2
247406 2
247407 1
247408 2
247409 5
247410 7
247411 4
247412 2
247413 1
247414 4
247415 3
247416 19
247417 2
247418 1
247419 5
247420 3
247421 7
247422 7
247423 13
247424 7
247425 11
247426 3
247427 1
247428 3
247429 20
247430 117
247431 5
247432 1
247433 12
247434 4
247435 125
247436 1
247437 1
247438 3
247439 4
247440 1
247441 125
247442 67
247443 121
247444 17
247445 75
247446 125
247447 124
247448 26
247449 7
247450 33
247451 121
247452 125
247453 125
247454 21
247455 125
247456 3
247457 113
247458 20
247459 124
247460 28
247461 3
247462 15
247463 76
247464 125
247465 89
247466 120
247467 121
247468 121
247469 124
247470 125
247471 115
247472 19
247473 11
247474 86
247475 125
247476 36
247477 91
247478 15
247479 117
247480 125
247481 117
247482 3
247483 6
247484 13
247485 72
247486 125
247487 125
247488 120
247489 123
247490 2
247491 79
247492 22
247493 85
247494 4
247495 1
247496 57
247497 94
247498 6
247499 56
247500 106
247501 99
247502 59
247503 95
247504 123
247505 37
247506 8
247507 4
247508 21
247509 74
247510 1
247511 16
247512 1
247513 5
247514 92
247515 6
247516 3
247517 7
247518 72
247519 13
247520 8
247521 14
247522 1
247523 5
247524 2
247525 2
247526 12
247527 3
247528 9
247529 10
247530 3
247531 19
247532 10
247533 4
247534 1
247535 1
247536 125
247537 27
247538 112
247539 10
247540 33
247541 125
247542 117
247543 12
247544 1
247545 11
247546 119
247547 114
247548 115
247549 2
247550 105
247551 4
247552 79
247553 15
247554 121
247555 30
247556 1
247557 51
247558 124
247559 59
247560 104
247561 121
247562 121
247563 125
247564 123
247565 120
247566 29
247567 15
247568 64
247569 85
247570 1
247571 3
247572 4
247573 3
247574 2
247575 1
247576 25
247577 2
247578 42
247579 16
247580 104
247581 52
247582 2
247583 1
247584 120
247585 42
247586 21
247587 1
247588 15
247589 4
247590 1
247591 114
247592 10
247593 7
247594 34
247595 65
247596 61
247597 117
247598 23
247599 8
247600 124
247601 125
247602 7
247603 4
247604 1
247605 5
247606 6
247607 9
247608 1
247609 1
247610 11
247611 8
247612 116
247613 4
247614 6
247615 1
247616 125
247617 46
247618 2
247619 109
247620 3
247621 7
247622 4
247623 17
247624 2
247625 2
247626 24
247627 42
247628 2
247629 4
247630 56
247631 62
247632 118
247633 13
247634 17
247635 122
247636 123
247637 57
247638 44
247639 102
247640 57
247641 5
247642 66
247643 7
247644 83
247645 15
247646 120
247647 45
247648 59
247649 82
247650 125
247651 96
247652 94
247653 125
247654 124
247655 118
247656 3
247657 6
247658 38
247659 16
247660 2
247661 1
247662 38
247663 101
247664 11
247665 1
247666 28
247667 54
247668 18
247669 3
247670 22
247671 2
247672 1
247673 17
247674 5
247675 2
247676 1
247677 1
247678 2
247679 86
247680 6
247681 8
247682 16
247683 7
247684 3
247685 1
247686 1
247687 1
247688 5
247689 6
247690 59
247691 2
247692 64
247693 22
247694 1
247695 16
247696 5
247697 8
247698 3
247699 9
247700 12
247701 1
247702 21
247703 1
247704 11
247705 1
247706 1
247707 5
247708 1
247709 3
247710 1
247711 1
247712 2
247713 28
247714 4
247715 6
247716 3
247717 2
247718 9
247719 11
247720 2
247721 3
247722 2
247723 5
247724 1
247725 1
247726 1
247727 2
247728 9
247729 38
247730 123
247731 13
247732 39
247733 115
247734 16
247735 2
247736 2
247737 3
247738 109
247739 114
247740 3
247741 81
247742 6
247743 30
247744 74
247745 68
247746 12
247747 2
247748 38
247749 3
247750 125
247751 48
247752 13
247753 2
247754 4
247755 15
247756 12
247757 7
247758 2
247759 3
247760 1
247761 2
247762 1
247763 1
247764 2
247765 4
247766 3
247767 62
247768 61
247769 125
247770 2
247771 22
247772 125
247773 122
247774 69
247775 3
247776 8
247777 5
247778 123
247779 100
247780 110
247781 26
247782 93
247783 85
247784 108
247785 42
247786 67
247787 45
247788 102
247789 1
247790 42
247791 6
247792 42
247793 124
247794 3
247795 18
247796 16
247797 15
247798 53
247799 27
247800 49
247801 115
247802 7
247803 117
247804 98
247805 34
247806 8
247807 3
247808 95
247809 78
247810 81
247811 5
247812 55
247813 46
247814 93
247815 16
247816 3
247817 40
247818 32
247819 79
247820 8
247821 8
247822 32
247823 109
247824 3
247825 9
247826 2
247827 4
247828 13
247829 68
247830 68
247831 125
247832 2
247833 10
247834 125
247835 120
247836 25
247837 5
247838 1
247839 9
247840 125
247841 106
247842 7
247843 123
247844 10
247845 58
247846 52
247847 65
247848 8
247849 2
247850 38
247851 45
247852 112
247853 6
247854 19
247855 35
247856 65
247857 14
247858 32
247859 7
247860 10
247861 13
247862 94
247863 31
247864 114
247865 1
247866 12
247867 125
247868 107
247869 25
247870 3
247871 1
247872 4
247873 123
247874 93
247875 5
247876 120
247877 1
247878 24
247879 21
247880 115
247881 19
247882 3
247883 49
247884 36
247885 123
247886 14
247887 13
247888 82
247889 104
247890 30
247891 36
247892 7
247893 2
247894 34
247895 1
247896 30
247897 84
247898 125
247899 1
247900 14
247901 124
247902 125
247903 51
247904 3
247905 4
247906 7
247907 112
247908 94
247909 1
247910 100
247911 10
247912 79
247913 58
247914 124
247915 46
247916 7
247917 26
247918 52
247919 116
247920 32
247921 2
247922 51
247923 125
247924 13
247925 17
247926 4
247927 11
247928 1
247929 25
247930 38
247931 79
247932 125
247933 12
247934 6
247935 124
247936 125
247937 72
247938 11
247939 2
247940 7
247941 116
247942 93
247943 1
247944 92
247945 10
247946 73
247947 61
247948 125
247949 69
247950 5
247951 30
247952 51
247953 117
247954 32
247955 7
247956 84
247957 125
247958 17
247959 17
247960 9
247961 11
247962 47
247963 1
247964 8
247965 63
247966 1
247967 11
247968 21
247969 32
247970 3
247971 2
247972 1
247973 97
247974 50
247975 35
247976 2
247977 42
247978 1
247979 35
247980 6
247981 62
247982 1
247983 20
247984 2
247985 2
247986 72
247987 7
247988 6
247989 119
247990 123
247991 1
247992 1
247993 2
247994 18
247995 1
247996 4
247997 7
247998 1
247999 8
248000 19
248001 8
248002 1
248003 17
248004 1
248005 23
248006 1
248007 6
248008 2
248009 2
248010 1
248011 30
248012 1
248013 41
248014 40
248015 1
248016 1
248017 9
248018 22
248019 3
248020 11
248021 1
248022 9
248023 17
248024 107
248025 17
248026 12
248027 7
248028 59
248029 4
248030 1
248031 5
248032 13
248033 58
248034 57
248035 37
248036 6
248037 79
248038 13
248039 27
248040 3
248041 1
248042 12
248043 50
248044 1
248045 2
248046 51
248047 27
248048 15
248049 19
248050 1
