43055 3
43056 9
43057 27
43058 3
43059 19
43060 14
43061 3
43062 8
43063 3
43064 3
43065 4
43066 4
43067 3
43068 7
43069 8
43070 10
43071 13
43072 18
43073 2
43074 4
43075 12
43076 3
43077 20
43078 103
43079 4
43080 10
43081 3
43082 121
43083 54
43084 68
43085 5
43086 3
43087 3
43088 8
43089 2
43090 9
43091 27
43092 7
43093 19
43094 3
43095 13
43096 8
43097 4
43098 19
43099 103
43100 3
43101 12
43102 62
43103 3
43104 79
43105 81
43106 2
43107 51
43108 20
43109 18
43110 9
43111 26
43112 14
43113 7
43114 25
43115 29
43116 42
43117 113
43118 23
43119 108
43120 2
43121 19
43122 6
43123 7
43124 5
43125 9
43126 3
43127 10
43128 9
43129 3
43130 2
43131 6
43132 17
43133 40
43134 27
43135 3
43136 15
43137 3
43138 109
43139 19
43140 9
43141 100
43142 25
43143 77
43144 10
43145 13
43146 6
43147 25
43148 18
43149 12
43150 20
43151 32
43152 47
43153 9
43154 29
43155 7
43156 21
43157 64
43158 6
43159 7
43160 48
43161 113
43162 18
43163 40
43164 6
43165 12
43166 8
43167 15
43168 3
43169 3
43170 40
43171 17
43172 5
43173 12
43174 22
43175 5
43176 92
43177 12
43178 13
43179 12
43180 6
43181 8
43182 5
43183 14
43184 20
43185 14
43186 14
43187 13
43188 42
43189 3
43190 14
43191 2
43192 2
43193 6
43194 26
43195 19
43196 6
43197 27
43198 52
43199 48
43200 19
43201 43
43202 4
43203 20
43204 3
43205 4
43206 31
43207 55
43208 30
43209 16
43210 4
43211 2
43212 17
43213 11
43214 3
43215 8
43216 13
43217 31
43218 15
43219 7
43220 24
43221 14
43222 25
43223 3
43224 6
43225 6
43226 4
43227 2
43228 24
43229 8
43230 5
43231 9
43232 3
43233 3
43234 52
43235 3
43236 54
43237 3
43238 6
43239 22
43240 3
43241 24
43242 9
43243 13
43244 12
43245 3
43246 8
43247 2
43248 3
43249 8
43250 19
43251 5
43252 24
43253 17
43254 10
43255 4
43256 8
43257 3
43258 10
43259 3
43260 8
43261 11
43262 8
43263 14
43264 3
43265 27
43266 14
43267 22
43268 20
43269 8
43270 22
43271 3
43272 6
43273 3
43274 3
43275 10
43276 5
43277 3
43278 11
43279 62
43280 6
43281 22
43282 8
43283 15
43284 3
43285 11
43286 15
43287 4
43288 3
43289 3
43290 3
43291 3
43292 28
43293 16
43294 30
43295 8
43296 7
43297 3
43298 21
43299 3
43300 9
43301 4
43302 40
43303 4
43304 45
43305 16
43306 18
43307 4
43308 3
43309 7
43310 22
43311 15
43312 19
43313 5
43314 3
43315 5
43316 12
43317 3
43318 4
43319 5
43320 24
43321 9
43322 3
43323 3
43324 6
43325 3
43326 6
43327 8
43328 4
43329 6
43330 3
43331 6
43332 6
43333 8
43334 3
43335 10
43336 2
43337 4
43338 4
43339 44
43340 53
43341 6
43342 17
43343 5
43344 3
43345 5
43346 2
43347 7
43348 83
43349 7
43350 21
43351 32
43352 22
43353 19
43354 14
43355 8
43356 4
43357 4
43358 3
43359 10
43360 12
43361 66
43362 11
43363 60
43364 4
43365 3
43366 3
43367 23
43368 20
43369 3
43370 3
43371 47
43372 3
43373 8
43374 41
43375 3
43376 29
43377 3
43378 5
43379 5
43380 3
43381 3
43382 4
43383 20
43384 4
43385 4
43386 7
43387 3
43388 14
43389 19
43390 12
43391 3
43392 5
43393 18
43394 3
43395 5
43396 71
43397 12
43398 7
43399 5
43400 6
43401 3
43402 17
43403 9
43404 5
43405 45
43406 4
43407 9
43408 2
43409 3
43410 4
43411 3
43412 5
43413 6
43414 13
43415 4
43416 5
43417 10
43418 2
43419 5
43420 5
43421 6
43422 20
43423 9
43424 7
43425 8
43426 3
43427 3
43428 8
43429 8
43430 5
43431 3
43432 4
43433 4
43434 8
43435 4
43436 3
43437 3
43438 4
43439 4
43440 4
43441 25
43442 6
43443 3
43444 8
43445 3
43446 9
43447 11
43448 8
43449 13
43450 3
43451 14
43452 4
43453 19
43454 11
43455 6
43456 3
43457 7
43458 6
43459 2
43460 15
43461 6
43462 3
43463 6
43464 9
43465 74
43466 3
43467 24
43468 65
43469 7
43470 3
43471 87
43472 56
43473 38
43474 9
43475 28
43476 33
43477 9
43478 3
43479 32
43480 10
43481 21
43482 14
43483 3
43484 21
43485 16
43486 24
43487 31
43488 50
43489 9
43490 81
43491 3
43492 4
43493 6
43494 4
43495 3
43496 12
43497 2
43498 6
43499 29
43500 7
43501 28
43502 121
43503 14
43504 16
43505 125
43506 73
43507 4
43508 97
43509 14
43510 5
43511 12
43512 4
43513 3
43514 28
43515 52
43516 8
43517 8
43518 2
43519 3
43520 8
43521 8
43522 4
43523 19
43524 4
43525 3
43526 4
43527 56
43528 125
43529 5
43530 11
43531 31
43532 116
43533 11
43534 3
43535 2
43536 124
43537 120
43538 11
43539 113
43540 10
43541 61
43542 68
43543 23
43544 14
43545 5
43546 7
43547 88
43548 41
43549 6
43550 21
43551 25
43552 6
43553 73
43554 41
43555 9
43556 7
43557 88
43558 108
43559 5
43560 4
43561 4
43562 125
43563 87
43564 5
43565 123
43566 22
43567 3
43568 6
43569 35
43570 10
43571 17
43572 36
43573 16
43574 54
43575 3
43576 5
43577 11
43578 29
43579 11
43580 46
43581 4
43582 14
43583 3
43584 2
43585 14
43586 8
43587 48
43588 11
43589 5
43590 4
43591 3
43592 38
43593 95
43594 116
43595 14
43596 37
43597 5
43598 22
43599 125
43600 63
43601 11
43602 101
43603 125
43604 74
43605 124
43606 55
43607 78
43608 5
43609 33
43610 99
43611 17
43612 89
43613 83
43614 105
43615 51
43616 125
43617 73
43618 5
43619 4
43620 27
43621 61
43622 3
43623 10
43624 8
43625 99
43626 21
43627 13
43628 106
43629 117
43630 18
43631 59
43632 9
43633 10
43634 11
43635 16
43636 7
43637 15
43638 15
43639 11
43640 17
43641 49
43642 8
43643 4
43644 13
43645 5
43646 89
43647 22
43648 4
43649 125
43650 19
43651 4
43652 52
43653 47
43654 16
43655 19
43656 22
43657 41
43658 3
43659 12
43660 44
43661 10
43662 66
43663 45
43664 81
43665 120
43666 55
43667 54
43668 5
43669 4
43670 6
43671 17
43672 12
43673 15
43674 11
43675 2
43676 8
43677 28
43678 49
43679 36
43680 33
43681 67
43682 3
43683 20
43684 5
43685 12
43686 6
43687 26
43688 48
43689 68
43690 7
43691 5
43692 10
43693 3
43694 9
43695 4
43696 45
43697 4
43698 4
43699 8
43700 61
43701 8
43702 13
43703 63
43704 15
43705 29
43706 4
43707 29
43708 4
43709 3
43710 39
43711 4
43712 5
43713 4
43714 3
43715 5
43716 73
43717 5
43718 24
43719 23
43720 21
43721 17
43722 11
43723 8
43724 99
43725 3
43726 9
43727 4
43728 96
43729 43
43730 52
43731 4
43732 32
43733 18
43734 19
43735 8
43736 9
43737 22
43738 2
43739 8
43740 6
43741 18
43742 4
43743 4
43744 61
43745 4
43746 4
43747 7
43748 32
43749 41
43750 16
43751 4
43752 24
43753 6
43754 16
43755 5
43756 5
43757 22
43758 9
43759 6
43760 53
43761 3
43762 7
43763 16
43764 72
43765 44
43766 44
43767 93
43768 26
43769 61
43770 10
43771 3
43772 7
43773 3
43774 9
43775 31
43776 4
43777 11
43778 4
43779 5
43780 20
43781 3
43782 18
43783 125
43784 33
43785 101
43786 27
43787 60
43788 6
43789 3
43790 22
43791 3
43792 6
43793 64
43794 14
43795 25
43796 4
43797 4
43798 12
43799 61
43800 39
43801 50
43802 6
43803 19
43804 6
43805 12
43806 5
43807 3
43808 51
43809 2
43810 7
43811 27
43812 4
43813 4
43814 65
43815 3
43816 8
43817 17
43818 112
43819 90
43820 73
43821 20
43822 44
43823 17
43824 13
43825 3
43826 14
43827 7
43828 81
43829 11
43830 3
43831 11
43832 42
43833 4
43834 12
43835 99
43836 5
43837 4
43838 18
43839 10
43840 6
43841 13
43842 3
43843 6
43844 6
43845 4
43846 14
43847 47
43848 61
43849 4
43850 6
43851 4
43852 2
43853 4
43854 18
43855 3
43856 6
43857 6
43858 4
43859 4
43860 9
43861 4
43862 3
43863 3
43864 12
43865 19
43866 34
43867 4
43868 8
43869 4
43870 24
43871 10
43872 22
43873 6
43874 6
43875 3
43876 3
43877 11
43878 18
43879 3
43880 26
43881 27
43882 4
43883 25
43884 3
43885 18
43886 9
43887 3
43888 3
43889 3
43890 3
43891 2
43892 4
43893 3
43894 27
43895 5
43896 8
43897 3
43898 3
43899 3
43900 6
43901 6
43902 4
43903 12
43904 3
43905 2
43906 5
43907 3
43908 2
43909 2
43910 3
43911 37
43912 32
43913 5
43914 41
43915 2
43916 3
43917 17
43918 31
43919 5
43920 3
43921 2
43922 12
43923 61
43924 12
43925 6
43926 18
43927 9
43928 8
43929 2
43930 3
43931 5
43932 10
43933 3
43934 6
43935 1
43936 3
43937 3
43938 11
43939 31
43940 5
43941 7
43942 3
43943 7
43944 2
43945 10
43946 57
43947 7
43948 8
43949 19
43950 13
43951 3
43952 3
43953 2
43954 4
43955 3
43956 3
43957 3
43958 4
43959 19
43960 10
43961 10
43962 7
43963 7
43964 3
43965 3
43966 6
43967 5
43968 2
43969 5
43970 26
43971 14
43972 2
43973 4
43974 8
43975 5
43976 23
43977 8
43978 27
43979 8
43980 14
43981 1
43982 3
43983 1
43984 2
43985 10
43986 5
43987 9
43988 4
43989 6
43990 6
43991 19
43992 2
43993 3
43994 3
43995 4
43996 4
43997 13
43998 2
43999 1
44000 5
44001 6
44002 3
44003 3
44004 4
44005 4
44006 2
44007 1
44008 3
44009 4
44010 3
44011 8
44012 9
44013 6
44014 3
44015 3
44016 3
44017 2
44018 3
44019 3
44020 2
44021 3
44022 5
44023 3
44024 4
44025 2
44026 3
44027 2
44028 3
44029 3
44030 14
44031 3
44032 3
44033 6
44034 5
44035 3
44036 3
44037 3
44038 14
44039 70
44040 27
44041 71
44042 5
44043 92
44044 87
44045 43
44046 7
44047 29
44048 30
44049 10
44050 4
44051 24
44052 11
44053 17
44054 14
44055 7
44056 11
44057 15
44058 4
44059 22
44060 27
44061 3
44062 52
44063 5
44064 2
44065 75
44066 3
44067 3
44068 4
44069 5
44070 5
44071 10
44072 9
44073 60
44074 13
44075 20
44076 42
44077 125
44078 22
44079 32
44080 6
44081 125
44082 114
44083 6
44084 118
44085 12
44086 22
44087 2
44088 13
44089 6
44090 6
44091 3
44092 53
44093 79
44094 16
44095 15
44096 5
44097 5
44098 8
44099 31
44100 32
44101 20
44102 3
44103 6
44104 7
44105 49
44106 124
44107 4
44108 6
44109 41
44110 118
44111 9
44112 13
44113 3
44114 118
44115 118
44116 11
44117 94
44118 3
44119 44
44120 55
44121 22
44122 7
44123 3
44124 5
44125 72
44126 33
44127 8
44128 8
44129 5
44130 3
44131 5
44132 66
44133 11
44134 9
44135 6
44136 69
44137 96
44138 5
44139 125
44140 74
44141 9
44142 123
44143 4
44144 15
44145 11
44146 40
44147 3
44148 5
44149 18
44150 18
44151 11
44152 25
44153 3
44154 3
44155 25
44156 12
44157 33
44158 11
44159 3
44160 2
44161 4
44162 11
44163 16
44164 13
44165 2
44166 11
44167 5
44168 3
44169 3
44170 24
44171 3
44172 82
44173 114
44174 14
44175 37
44176 3
44177 16
44178 124
44179 44
44180 5
44181 9
44182 53
44183 123
44184 72
44185 119
44186 29
44187 48
44188 23
44189 99
44190 7
44191 41
44192 46
44193 64
44194 52
44195 107
44196 46
44197 3
44198 9
44199 95
44200 5
44201 12
44202 2
44203 17
44204 115
44205 31
44206 3
44207 14
44208 99
44209 124
44210 60
44211 77
44212 9
44213 13
44214 7
44215 14
44216 5
44217 29
44218 24
44219 11
44220 23
44221 65
44222 7
44223 25
44224 3
44225 20
44226 18
44227 6
44228 4
44229 88
44230 29
44231 123
44232 29
44233 36
44234 33
44235 36
44236 22
44237 12
44238 3
44239 33
44240 9
44241 45
44242 3
44243 36
44244 34
44245 49
44246 97
44247 54
44248 30
44249 3
44250 7
44251 26
44252 4
44253 7
44254 11
44255 54
44256 2
44257 24
44258 5
44259 3
44260 50
44261 90
44262 82
44263 54
44264 91
44265 10
44266 47
44267 4
44268 3
44269 14
44270 5
44271 9
44272 27
44273 50
44274 61
44275 5
44276 3
44277 6
44278 5
44279 6
44280 35
44281 3
44282 17
44283 6
44284 51
44285 13
44286 13
44287 56
44288 17
44289 22
44290 3
44291 4
44292 12
44293 3
44294 11
44295 3
44296 7
44297 5
44298 1
44299 67
44300 4
44301 30
44302 21
44303 23
44304 8
44305 5
44306 9
44307 94
44308 3
44309 3
44310 4
44311 74
44312 37
44313 40
44314 9
44315 35
44316 7
44317 14
44318 4
44319 10
44320 12
44321 4
44322 3
44323 18
44324 4
44325 51
44326 30
44327 27
44328 18
44329 5
44330 12
44331 5
44332 5
44333 5
44334 3
44335 17
44336 3
44337 3
44338 5
44339 7
44340 2
44341 31
44342 11
44343 10
44344 102
44345 51
44346 59
44347 4
44348 75
44349 28
44350 61
44351 7
44352 10
44353 12
44354 3
44355 11
44356 12
44357 26
44358 4
44359 5
44360 6
44361 6
44362 3
44363 17
44364 16
44365 3
44366 121
44367 15
44368 3
44369 68
44370 12
44371 49
44372 3
44373 21
44374 6
44375 6
44376 5
44377 59
44378 12
44379 30
44380 3
44381 3
44382 9
44383 45
44384 50
44385 58
44386 11
44387 24
44388 5
44389 13
44390 5
44391 4
44392 49
44393 3
44394 21
44395 5
44396 71
44397 2
44398 2
44399 4
44400 8
44401 74
44402 62
44403 51
44404 10
44405 17
44406 10
44407 5
44408 8
44409 61
44410 7
44411 6
44412 27
44413 3
44414 9
44415 80
44416 28
44417 8
44418 10
44419 9
44420 6
44421 8
44422 12
44423 7
44424 14
44425 33
44426 35
44427 5
44428 3
44429 7
44430 4
44431 13
44432 3
44433 5
44434 3
44435 5
44436 4
44437 5
44438 3
44439 7
44440 70
44441 11
44442 104
44443 3
44444 79
44445 53
44446 39
44447 7
44448 20
44449 31
44450 4
44451 4
44452 3
44453 32
44454 14
44455 13
44456 15
44457 6
44458 15
44459 4
44460 2
44461 16
44462 13
44463 3
44464 21
44465 46
44466 3
44467 3
44468 2
44469 3
44470 3
44471 10
44472 3
44473 26
44474 5
44475 2
44476 26
44477 117
44478 7
44479 11
44480 123
44481 75
44482 1
44483 82
44484 13
44485 8
44486 19
44487 32
44488 3
44489 6
44490 3
44491 5
44492 38
44493 3
44494 3
44495 3
44496 38
44497 124
44498 5
44499 4
44500 38
44501 120
44502 9
44503 8
44504 120
44505 117
44506 3
44507 102
44508 5
44509 47
44510 57
44511 32
44512 9
44513 4
44514 4
44515 89
44516 29
44517 3
44518 15
44519 12
44520 6
44521 7
44522 56
44523 6
44524 10
44525 1
44526 74
44527 85
44528 123
44529 50
44530 4
44531 120
44532 3
44533 10
44534 7
44535 43
44536 4
44537 14
44538 18
44539 10
44540 16
44541 3
44542 19
44543 7
44544 15
44545 3
44546 5
44547 3
44548 11
44549 3
44550 32
44551 89
44552 113
44553 4
44554 41
44555 7
44556 7
44557 125
44558 64
44559 3
44560 83
44561 122
44562 87
44563 115
44564 20
44565 3
44566 48
44567 21
44568 91
44569 10
44570 64
44571 67
44572 68
44573 63
44574 124
44575 45
44576 12
44577 54
44578 13
44579 11
44580 90
44581 16
44582 13
44583 75
44584 110
44585 26
44586 52
44587 8
44588 6
44589 3
44590 11
44591 20
44592 12
44593 8
44594 19
44595 50
44596 4
44597 3
44598 10
44599 11
44600 9
44601 2
44602 100
44603 37
44604 6
44605 125
44606 55
44607 68
44608 44
44609 24
44610 32
44611 14
44612 52
44613 4
44614 10
44615 57
44616 12
44617 47
44618 46
44619 66
44620 121
44621 63
44622 53
44623 4
44624 10
44625 9
44626 1
44627 16
44628 4
44629 8
44630 5
44631 7
44632 15
44633 35
44634 25
44635 28
44636 52
44637 4
44638 14
44639 3
44640 5
44641 7
44642 21
44643 49
44644 55
44645 5
44646 15
44647 1
44648 3
44649 31
44650 9
44651 12
44652 51
44653 8
44654 10
44655 66
44656 27
44657 39
44658 18
44659 7
44660 4
44661 8
44662 3
44663 4
44664 94
44665 4
44666 35
44667 40
44668 24
44669 11
44670 4
44671 15
44672 8
44673 5
44674 115
44675 5
44676 3
44677 12
44678 88
44679 43
44680 59
44681 11
44682 40
44683 10
44684 24
44685 14
44686 9
44687 17
44688 5
44689 5
44690 5
44691 17
44692 3
44693 3
44694 68
44695 3
44696 39
44697 37
44698 8
44699 6
44700 13
44701 3
44702 7
44703 21
44704 3
44705 12
44706 3
44707 40
44708 4
44709 9
44710 70
44711 72
44712 37
44713 2
44714 60
44715 15
44716 39
44717 4
44718 5
44719 3
44720 9
44721 4
44722 2
44723 15
44724 7
44725 8
44726 4
44727 20
44728 21
44729 120
44730 28
44731 60
44732 7
44733 32
44734 19
44735 5
44736 4
44737 5
44738 56
44739 4
44740 13
44741 32
44742 9
44743 7
44744 55
44745 49
44746 47
44747 5
44748 19
44749 9
44750 16
44751 8
44752 5
44753 43
44754 3
44755 3
44756 8
44757 23
44758 75
44759 6
44760 10
44761 103
44762 82
44763 53
44764 7
44765 21
44766 19
44767 9
44768 5
44769 7
44770 72
44771 6
44772 7
44773 55
44774 3
44775 19
44776 89
44777 5
44778 6
44779 8
44780 20
44781 4
44782 4
44783 3
44784 2
44785 10
44786 8
44787 30
44788 34
44789 3
44790 6
44791 10
44792 5
44793 3
44794 5
44795 3
44796 7
44797 3
44798 5
44799 5
44800 2
44801 6
44802 3
44803 5
44804 4
44805 3
44806 11
44807 3
44808 36
44809 5
44810 8
44811 11
44812 38
44813 18
44814 24
44815 7
44816 6
44817 3
44818 8
44819 4
44820 4
44821 3
44822 3
44823 6
44824 20
44825 4
44826 21
44827 3
44828 3
44829 1
44830 10
44831 11
44832 3
44833 36
44834 6
44835 23
44836 6
44837 9
44838 3
44839 4
44840 4
44841 4
44842 2
44843 16
44844 6
44845 5
44846 4
44847 6
44848 3
44849 4
44850 24
44851 4
44852 3
44853 3
44854 14
44855 2
44856 4
44857 6
44858 6
44859 8
44860 4
44861 4
44862 3
44863 5
44864 4
44865 5
44866 13
44867 3
44868 2
44869 4
44870 3
44871 4
44872 4
44873 4
44874 3
44875 5
44876 2
44877 15
44878 2
44879 20
44880 3
44881 7
44882 45
44883 2
44884 11
44885 14
44886 13
44887 5
44888 5
44889 2
44890 3
44891 2
44892 21
44893 4
44894 18
44895 3
44896 1
44897 3
44898 1
44899 20
44900 14
44901 8
44902 3
44903 6
44904 7
44905 2
44906 4
44907 5
44908 15
44909 4
44910 3
44911 5
44912 6
44913 4
44914 4
44915 16
44916 8
44917 18
44918 3
44919 2
44920 3
44921 7
44922 4
44923 5
44924 3
44925 8
44926 2
44927 2
44928 5
44929 3
44930 5
44931 6
44932 8
44933 1
44934 4
44935 3
44936 3
44937 2
44938 3
44939 3
44940 3
44941 6
44942 4
44943 2
44944 5
44945 3
44946 2
44947 3
44948 3
44949 1
44950 4
44951 1
44952 2
44953 5
44954 2
44955 1
44956 2
44957 5
44958 4
44959 26
44960 11
44961 30
44962 1
44963 4
44964 30
44965 8
44966 12
44967 2
44968 10
44969 4
44970 20
44971 4
44972 8
44973 7
44974 3
44975 5
44976 5
44977 1
44978 11
44979 34
44980 3
44981 17
44982 3
44983 4
44984 9
44985 95
44986 9
44987 10
44988 108
44989 39
44990 67
44991 8
44992 3
44993 3
44994 17
44995 23
44996 3
44997 3
44998 24
44999 108
45000 6
45001 21
45002 69
45003 5
45004 5
45005 80
45006 46
45007 3
45008 57
45009 7
45010 36
45011 31
45012 10
45013 3
45014 41
45015 9
45016 7
45017 7
45018 26
45019 2
45020 3
45021 38
45022 30
45023 102
45024 15
45025 78
45026 5
45027 39
45028 3
45029 5
45030 8
45031 5
45032 18
45033 5
45034 9
45035 7
45036 19
45037 46
45038 12
45039 3
45040 105
45041 16
45042 8
45043 78
45044 6
45045 61
45046 7
45047 19
45048 3
45049 7
45050 40
45051 3
45052 6
45053 12
45054 13
45055 7
45056 35
45057 11
45058 8
45059 15
45060 24
45061 3
45062 24
45063 20
45064 13
45065 3
45066 6
45067 6
45068 11
45069 39
45070 3
45071 95
45072 11
45073 7
45074 3
45075 4
45076 3
45077 14
45078 19
45079 10
45080 11
45081 9
45082 21
45083 26
45084 3
45085 4
45086 12
45087 3
45088 8
45089 4
45090 3
45091 7
45092 4
45093 13
45094 4
45095 21
45096 17
45097 1
45098 19
45099 31
45100 9
45101 5
45102 4
45103 8
45104 29
45105 31
45106 4
45107 7
45108 2
45109 3
45110 26
45111 5
45112 6
45113 92
45114 5
45115 23
45116 5
45117 3
45118 8
45119 18
45120 3
45121 4
45122 3
45123 3
45124 6
45125 34
45126 14
45127 7
45128 4
45129 4
45130 7
45131 72
45132 13
45133 14
45134 111
45135 6
45136 72
45137 75
45138 17
45139 39
45140 21
45141 27
45142 6
45143 23
45144 26
45145 44
45146 16
45147 12
45148 3
45149 35
45150 8
45151 2
45152 9
45153 107
45154 4
45155 12
45156 6
45157 7
45158 5
45159 6
45160 4
45161 3
45162 33
45163 12
45164 12
45165 27
45166 5
45167 15
45168 3
45169 7
45170 8
45171 101
45172 7
45173 25
45174 20
45175 11
45176 27
45177 4
45178 3
45179 16
45180 15
45181 11
45182 3
45183 2
45184 13
45185 6
45186 7
45187 16
45188 11
45189 15
45190 16
45191 3
45192 13
45193 3
45194 10
45195 3
45196 9
45197 1
45198 3
45199 4
45200 19
45201 7
45202 11
45203 4
45204 3
45205 5
45206 3
45207 4
45208 13
45209 100
45210 33
45211 111
45212 9
45213 10
45214 121
45215 100
45216 4
45217 65
45218 18
45219 35
45220 70
45221 3
45222 10
45223 11
45224 50
45225 19
45226 38
45227 24
45228 10
45229 46
45230 12
45231 1
45232 2
45233 1
45234 34
45235 36
45236 46
45237 10
45238 83
45239 3
45240 4
45241 3
45242 5
45243 5
45244 3
45245 14
45246 3
45247 4
45248 45
45249 13
45250 17
45251 43
45252 125
45253 26
45254 28
45255 6
45256 125
45257 98
45258 113
45259 5
45260 35
45261 6
45262 22
45263 9
45264 10
45265 72
45266 72
45267 15
45268 17
45269 1
45270 2
45271 4
45272 14
45273 19
45274 47
45275 8
45276 5
45277 4
45278 2
45279 7
45280 16
45281 84
45282 125
45283 17
45284 10
45285 73
45286 125
45287 16
45288 15
45289 7
45290 3
45291 125
45292 123
45293 16
45294 121
45295 18
45296 81
45297 90
45298 55
45299 17
45300 14
45301 10
45302 114
45303 71
45304 11
45305 62
45306 30
45307 8
45308 15
45309 79
45310 17
45311 19
45312 7
45313 102
45314 107
45315 3
45316 125
45317 66
45318 4
45319 122
45320 17
45321 14
45322 72
45323 4
45324 4
45325 24
45326 34
45327 8
45328 28
45329 6
45330 48
45331 12
45332 42
45333 3
45334 17
45335 5
45336 4
45337 7
45338 7
45339 3
45340 20
45341 3
45342 5
45343 2
45344 3
45345 3
45346 4
45347 3
45348 66
45349 115
45350 124
45351 16
45352 49
45353 26
45354 125
45355 84
45356 5
45357 4
45358 85
45359 124
45360 94
45361 124
45362 26
45363 76
45364 7
45365 6
45366 44
45367 103
45368 26
45369 77
45370 84
45371 93
45372 67
45373 124
45374 68
45375 6
45376 3
45377 27
45378 78
45379 3
45380 16
45381 20
45382 100
45383 38
45384 23
45385 100
45386 125
45387 33
45388 73
45389 13
45390 16
45391 9
45392 27
45393 11
45394 29
45395 25
45396 10
45397 18
45398 71
45399 8
45400 13
45401 10
45402 3
45403 2
45404 109
45405 5
45406 37
45407 9
45408 125
45409 47
45410 3
45411 72
45412 58
45413 50
45414 34
45415 22
45416 69
45417 3
45418 10
45419 76
45420 12
45421 56
45422 63
45423 81
45424 113
45425 96
45426 72
45427 6
45428 15
45429 25
45430 8
45431 26
45432 8
45433 28
45434 3
45435 16
45436 1
45437 18
45438 41
45439 2
45440 67
45441 49
45442 3
45443 40
45444 86
45445 6
45446 36
45447 3
45448 4
45449 8
45450 13
45451 7
45452 46
45453 3
45454 85
45455 99
45456 23
45457 10
45458 18
45459 8
45460 8
45461 4
45462 80
45463 11
45464 16
45465 24
45466 90
45467 28
45468 27
45469 104
45470 33
45471 80
45472 9
45473 3
45474 9
45475 40
45476 4
45477 4
45478 10
45479 4
45480 3
45481 22
45482 4
45483 9
45484 22
45485 3
45486 5
45487 4
45488 3
45489 2
45490 10
45491 102
45492 9
45493 67
45494 6
45495 62
45496 51
45497 29
45498 24
45499 17
45500 6
45501 122
45502 17
45503 5
45504 6
45505 4
45506 15
45507 16
45508 122
45509 73
45510 92
45511 15
45512 75
45513 24
45514 43
45515 8
45516 19
45517 19
45518 44
45519 9
45520 11
45521 11
45522 30
45523 7
45524 11
45525 98
45526 5
45527 13
45528 3
45529 7
45530 59
45531 66
45532 40
45533 12
45534 2
45535 24
45536 24
45537 13
45538 16
45539 46
45540 2
45541 5
45542 5
45543 31
45544 9
45545 72
45546 2
45547 19
45548 17
45549 102
45550 70
45551 75
45552 6
45553 2
45554 97
45555 36
45556 71
45557 13
45558 11
45559 20
45560 5
45561 12
45562 44
45563 6
45564 8
45565 25
45566 3
45567 6
45568 5
45569 35
45570 7
45571 39
45572 122
45573 41
45574 6
45575 92
45576 26
45577 60
45578 2
45579 3
45580 45
45581 5
45582 16
45583 10
45584 94
45585 3
45586 4
45587 35
45588 54
45589 3
45590 15
45591 6
45592 3
45593 7
45594 69
45595 61
45596 70
45597 9
45598 31
45599 13
45600 29
45601 7
45602 3
45603 68
45604 7
45605 3
45606 3
45607 6
45608 34
45609 5
45610 11
45611 89
45612 2
45613 3
45614 13
45615 32
45616 123
45617 107
45618 111
45619 35
45620 4
45621 69
45622 40
45623 40
45624 4
45625 28
45626 24
45627 115
45628 29
45629 11
45630 27
45631 90
45632 10
45633 36
45634 121
45635 3
45636 4
45637 15
45638 18
45639 3
45640 12
45641 25
45642 13
45643 7
45644 11
45645 7
45646 7
45647 18
45648 55
45649 75
45650 3
45651 4
45652 3
45653 5
45654 8
45655 10
45656 4
45657 36
45658 5
45659 21
45660 11
45661 4
45662 7
45663 2
45664 23
45665 12
45666 11
45667 5
45668 2
45669 4
45670 40
45671 2
45672 10
45673 60
45674 3
45675 52
45676 123
45677 8
45678 34
45679 6
45680 20
45681 9
45682 3
45683 5
45684 6
45685 9
45686 9
45687 5
45688 15
45689 7
45690 17
45691 15
45692 14
45693 7
45694 33
45695 4
45696 4
45697 22
45698 4
45699 5
45700 11
45701 107
45702 6
45703 12
45704 123
45705 91
45706 53
45707 9
45708 8
45709 3
45710 3
45711 11
45712 18
45713 6
45714 8
45715 2
45716 9
45717 4
45718 3
45719 111
45720 3
45721 4
45722 13
45723 4
45724 3
45725 30
45726 122
45727 5
45728 4
45729 17
45730 106
45731 7
45732 3
45733 2
45734 107
45735 124
45736 49
45737 71
45738 18
45739 41
45740 12
45741 7
45742 3
45743 3
45744 59
45745 25
45746 3
45747 13
45748 6
45749 2
45750 25
45751 4
45752 8
45753 5
45754 49
45755 65
45756 116
45757 62
45758 8
45759 94
45760 4
45761 7
45762 21
45763 7
45764 8
45765 6
45766 9
45767 5
45768 10
45769 6
45770 6
45771 9
45772 20
45773 56
45774 75
45775 8
45776 24
45777 11
45778 121
45779 48
45780 3
45781 24
45782 119
45783 88
45784 93
45785 22
45786 26
45787 3
45788 8
45789 41
45790 6
45791 36
45792 32
45793 37
45794 20
45795 103
45796 28
45797 3
45798 119
45799 4
45800 30
45801 6
45802 33
45803 124
45804 61
45805 13
45806 119
45807 125
45808 95
45809 78
45810 26
45811 10
45812 22
45813 8
45814 31
45815 11
45816 49
45817 45
45818 19
45819 29
45820 80
45821 4
45822 2
45823 4
45824 41
45825 6
45826 55
45827 3
45828 41
45829 2
45830 7
45831 6
45832 4
45833 6
45834 65
45835 4
45836 15
45837 3
45838 113
45839 21
45840 18
45841 24
45842 35
45843 9
45844 4
45845 15
45846 3
45847 6
45848 23
45849 3
45850 20
45851 18
45852 31
45853 73
45854 28
45855 11
45856 8
45857 5
45858 5
45859 12
45860 4
45861 5
45862 9
45863 4
45864 6
45865 20
45866 36
45867 21
45868 19
45869 38
45870 7
45871 19
45872 5
45873 5
45874 13
45875 22
45876 27
45877 6
45878 3
45879 7
45880 4
45881 16
45882 4
45883 4
45884 28
45885 14
45886 6
45887 42
45888 10
45889 26
45890 6
45891 3
45892 7
45893 3
45894 38
45895 2
45896 3
45897 16
45898 7
45899 35
45900 6
45901 3
45902 84
45903 4
45904 4
45905 65
45906 21
45907 37
45908 24
45909 17
45910 14
45911 5
45912 5
45913 5
45914 9
45915 3
45916 34
45917 3
45918 5
45919 42
45920 43
45921 17
45922 19
45923 24
45924 9
45925 8
45926 8
45927 15
45928 3
45929 5
45930 4
45931 13
45932 29
45933 4
45934 40
45935 34
45936 22
45937 45
45938 32
45939 25
45940 4
45941 4
45942 4
45943 13
45944 3
45945 3
45946 4
45947 5
45948 18
45949 102
45950 21
45951 38
45952 17
45953 11
45954 10
45955 3
45956 41
45957 9
45958 17
45959 3
45960 3
45961 40
45962 17
45963 28
45964 2
45965 11
45966 12
45967 3
45968 3
45969 30
45970 3
45971 7
45972 48
45973 2
45974 25
45975 107
45976 44
45977 57
45978 8
45979 39
45980 33
45981 15
45982 13
45983 56
45984 5
45985 6
45986 6
45987 32
45988 4
45989 9
45990 76
45991 3
45992 6
45993 4
45994 10
45995 24
45996 3
45997 3
45998 3
45999 5
46000 5
46001 5
46002 5
46003 35
46004 6
46005 3
46006 9
46007 8
46008 7
46009 3
46010 4
46011 21
46012 12
46013 19
46014 30
46015 3
46016 6
46017 3
46018 4
46019 8
46020 3
46021 4
46022 3
46023 14
46024 4
46025 3
46026 16
46027 4
46028 3
46029 13
46030 7
46031 4
46032 5
46033 2
46034 3
46035 5
46036 3
46037 11
46038 3
46039 33
46040 7
46041 6
46042 2
46043 5
46044 13
46045 3
46046 3
46047 2
46048 6
46049 3
46050 3
46051 7
46052 3
46053 2
46054 3
46055 4
46056 7
46057 3
46058 3
46059 3
46060 6
46061 2
46062 3
46063 15
46064 57
46065 23
46066 81
46067 12
46068 9
46069 87
46070 61
46071 2
46072 91
46073 11
46074 34
46075 37
46076 12
46077 29
46078 19
46079 23
46080 26
46081 14
46082 11
46083 5
46084 11
46085 3
46086 10
46087 26
46088 23
46089 6
46090 53
46091 1
46092 4
46093 2
46094 3
46095 32
46096 7
46097 5
46098 33
46099 117
46100 8
46101 19
46102 125
46103 61
46104 94
46105 12
46106 7
46107 3
46108 3
46109 16
46110 46
46111 9
46112 6
46113 3
46114 3
46115 11
46116 8
46117 17
46118 3
46119 6
46120 14
46121 62
46122 125
46123 10
46124 5
46125 41
46126 123
46127 17
46128 8
46129 3
46130 123
46131 118
46132 5
46133 108
46134 8
46135 48
46136 69
46137 25
46138 12
46139 5
46140 4
46141 3
46142 79
46143 43
46144 7
46145 14
46146 16
46147 6
46148 9
46149 65
46150 5
46151 2
46152 6
46153 88
46154 71
46155 3
46156 124
46157 37
46158 3
46159 118
46160 7
46161 8
46162 52
46163 6
46164 16
46165 8
46166 6
46167 5
46168 3
46169 19
46170 10
46171 22
46172 2
46173 9
46174 3
46175 2
46176 4
46177 5
46178 11
46179 6
46180 3
46181 41
46182 93
46183 87
46184 3
46185 20
46186 4
46187 123
46188 31
46189 2
46190 29
46191 115
46192 40
46193 106
46194 9
46195 30
46196 7
46197 48
46198 13
46199 34
46200 24
46201 34
46202 68
46203 65
46204 21
46205 7
46206 37
46207 4
46208 12
46209 50
46210 16
46211 6
46212 66
46213 105
46214 19
46215 49
46216 4
46217 9
46218 3
46219 10
46220 4
46221 13
46222 9
46223 3
46224 13
46225 21
46226 4
46227 3
46228 7
46229 3
46230 69
46231 3
46232 10
46233 3
46234 5
46235 119
46236 22
46237 30
46238 28
46239 15
46240 19
46241 4
46242 21
46243 9
46244 39
46245 6
46246 28
46247 38
46248 42
46249 87
46250 19
46251 33
46252 7
46253 9
46254 2
46255 5
46256 14
46257 3
46258 9
46259 2
46260 8
46261 5
46262 4
46263 17
46264 4
46265 45
46266 19
46267 32
46268 55
46269 6
46270 29
46271 3
46272 15
46273 7
46274 19
46275 52
46276 70
46277 7
46278 10
46279 4
46280 9
46281 45
46282 9
46283 12
46284 13
46285 60
46286 14
46287 7
46288 71
46289 51
46290 7
46291 4
46292 21
46293 3
46294 4
46295 3
46296 3
46297 3
46298 7
46299 3
46300 4
46301 7
46302 81
46303 33
46304 14
46305 21
46306 17
46307 12
46308 12
46309 3
46310 111
46311 3
46312 7
46313 6
46314 84
46315 45
46316 61
46317 12
46318 42
46319 9
46320 26
46321 10
46322 12
46323 18
46324 3
46325 4
46326 4
46327 21
46328 3
46329 80
46330 3
46331 3
46332 36
46333 50
46334 24
46335 5
46336 9
46337 5
46338 13
46339 4
46340 40
46341 14
46342 1
46343 7
46344 64
46345 8
46346 7
46347 62
46348 42
46349 51
46350 4
46351 46
46352 20
46353 34
46354 6
46355 5
46356 12
46357 5
46358 3
46359 26
46360 4
46361 9
46362 28
46363 3
46364 28
46365 122
46366 25
46367 3
46368 51
46369 11
46370 43
46371 4
46372 36
46373 9
46374 4
46375 79
46376 4
46377 20
46378 41
46379 10
46380 3
46381 8
46382 5
46383 12
46384 96
46385 90
46386 88
46387 12
46388 36
46389 12
46390 35
46391 12
46392 3
46393 97
46394 18
46395 3
46396 12
46397 44
46398 3
46399 16
46400 117
46401 5
46402 2
46403 5
46404 3
46405 3
46406 47
46407 26
46408 41
46409 7
46410 10
46411 7
46412 7
46413 4
46414 31
46415 5
46416 3
46417 10
46418 9
46419 41
46420 3
46421 5
46422 5
46423 14
46424 10
46425 4
46426 5
46427 6
46428 11
46429 21
46430 3
46431 67
46432 21
46433 11
46434 3
46435 3
46436 3
46437 12
46438 3
46439 8
46440 5
46441 5
46442 6
46443 8
46444 2
46445 4
46446 14
46447 22
46448 40
46449 2
46450 7
46451 3
46452 4
46453 3
46454 6
46455 3
46456 5
46457 5
46458 6
46459 6
46460 3
46461 6
46462 4
46463 5
46464 4
46465 5
46466 14
46467 5
46468 18
46469 14
46470 10
46471 15
46472 4
46473 7
46474 6
46475 11
46476 2
46477 2
46478 5
46479 3
46480 2
46481 4
46482 14
46483 10
46484 21
46485 14
46486 8
46487 94
46488 11
46489 7
46490 103
46491 29
46492 51
46493 5
46494 7
46495 19
46496 13
46497 2
46498 4
46499 6
46500 14
46501 106
46502 4
46503 3
46504 9
46505 64
46506 3
46507 5
46508 78
46509 55
46510 45
46511 26
46512 28
46513 6
46514 38
46515 5
46516 15
46517 3
46518 4
46519 45
46520 38
46521 106
46522 11
46523 84
46524 5
46525 33
46526 4
46527 3
46528 7
46529 7
46530 7
46531 6
46532 15
46533 6
46534 3
46535 6
46536 3
46537 3
46538 80
46539 3
46540 115
46541 34
46542 13
46543 105
46544 15
46545 13
46546 83
46547 8
46548 55
46549 5
46550 12
46551 37
46552 5
46553 10
46554 13
46555 2
46556 22
46557 10
46558 16
46559 3
46560 22
46561 4
46562 23
46563 24
46564 13
46565 6
46566 2
46567 3
46568 4
46569 32
46570 4
46571 87
46572 7
46573 6
46574 5
46575 3
46576 13
46577 20
46578 3
46579 7
46580 9
46581 14
46582 6
46583 15
46584 9
46585 3
46586 8
46587 4
46588 5
46589 5
46590 2
46591 6
46592 3
46593 15
46594 7
46595 16
46596 29
46597 8
46598 3
46599 11
46600 3
46601 27
46602 35
46603 7
46604 10
46605 20
46606 3
46607 4
46608 63
46609 59
46610 2
46611 25
46612 92
46613 37
46614 9
46615 3
46616 10
46617 3
46618 2
46619 28
46620 4
46621 11
46622 5
46623 4
46624 8
46625 72
46626 4
46627 3
46628 68
46629 36
46630 32
46631 6
46632 18
46633 10
46634 16
46635 3
46636 10
46637 8
46638 15
46639 3
46640 8
46641 4
46642 18
46643 29
46644 3
46645 2
46646 6
46647 7
46648 25
46649 84
46650 56
46651 48
46652 5
46653 28
46654 35
46655 17
46656 3
46657 16
46658 23
46659 36
46660 13
46661 7
46662 28
46663 5
46664 27
46665 30
46666 8
46667 10
46668 11
46669 6
46670 8
46671 5
46672 12
46673 64
46674 3
46675 17
46676 3
46677 16
46678 14
46679 17
46680 3
46681 7
46682 3
46683 7
46684 37
46685 114
46686 4
46687 101
46688 88
46689 6
46690 63
46691 58
46692 44
46693 8
46694 41
46695 36
46696 78
46697 3
46698 16
46699 21
46700 80
46701 14
46702 20
46703 67
46704 3
46705 3
46706 7
46707 12
46708 11
46709 88
46710 57
46711 89
46712 15
46713 33
46714 10
46715 9
46716 5
46717 89
46718 7
46719 4
46720 31
46721 4
46722 5
46723 69
46724 3
46725 4
46726 4
46727 10
46728 6
46729 2
46730 3
46731 8
46732 4
46733 3
46734 4
46735 4
46736 2
46737 3
46738 3
46739 27
46740 29
46741 5
46742 7
46743 6
46744 35
46745 18
46746 17
46747 14
46748 7
46749 4
46750 12
46751 3
46752 5
46753 10
46754 66
46755 6
46756 41
46757 4
46758 2
46759 3
46760 10
46761 16
46762 50
46763 11
46764 48
46765 4
46766 23
46767 6
46768 16
46769 10
46770 4
46771 23
46772 5
46773 7
46774 76
46775 6
46776 15
46777 7
46778 4
46779 5
46780 30
46781 8
46782 10
46783 4
46784 7
46785 4
46786 30
46787 5
46788 3
46789 5
46790 3
46791 3
46792 3
46793 3
46794 6
46795 6
46796 3
46797 6
46798 3
46799 4
46800 5
46801 15
46802 8
46803 4
46804 6
46805 3
46806 3
46807 3
46808 4
46809 3
46810 3
46811 3
46812 4
46813 3
46814 3
46815 7
46816 4
46817 18
46818 2
46819 16
46820 4
46821 4
46822 5
46823 5
46824 12
46825 3
46826 5
46827 7
46828 3
46829 6
46830 3
46831 3
46832 22
46833 10
46834 32
46835 3
46836 34
46837 27
46838 17
46839 5
46840 3
46841 24
46842 21
46843 5
46844 5
46845 8
46846 4
46847 6
46848 3
46849 5
46850 10
46851 8
46852 20
46853 37
46854 4
46855 18
46856 4
46857 5
46858 16
46859 104
46860 11
46861 7
46862 4
46863 124
46864 44
46865 76
46866 8
46867 3
46868 3
46869 21
46870 25
46871 5
46872 6
46873 10
46874 7
46875 7
46876 28
46877 120
46878 8
46879 30
46880 93
46881 6
46882 3
46883 89
46884 66
46885 4
46886 59
46887 4
46888 45
46889 35
46890 18
46891 3
46892 6
46893 62
46894 16
46895 3
46896 5
46897 9
46898 3
46899 31
46900 8
46901 5
46902 3
46903 49
46904 46
46905 3
46906 105
46907 17
46908 100
46909 8
46910 3
46911 36
46912 6
46913 4
46914 19
46915 6
46916 14
46917 8
46918 5
46919 13
46920 42
46921 58
46922 11
46923 117
46924 18
46925 15
46926 101
46927 19
46928 76
46929 7
46930 16
46931 5
46932 44
46933 5
46934 15
46935 19
46936 26
46937 7
46938 45
46939 19
46940 3
46941 22
46942 5
46943 30
46944 3
46945 3
46946 32
46947 34
46948 23
46949 4
46950 3
46951 6
46952 12
46953 6
46954 46
46955 4
46956 96
46957 14
46958 13
46959 11
46960 6
46961 5
46962 3
46963 14
46964 4
46965 27
46966 9
46967 10
46968 17
46969 33
46970 8
46971 23
46972 4
46973 7
46974 3
46975 17
46976 26
46977 3
46978 10
46979 5
46980 7
46981 25
46982 53
46983 26
46984 22
46985 39
46986 17
46987 5
46988 3
46989 14
46990 51
46991 28
46992 3
46993 7
46994 3
46995 6
46996 20
46997 4
46998 7
46999 34
47000 5
47001 10
47002 29
47003 4
47004 9
47005 3
47006 9
47007 4
47008 3
47009 4
47010 4
47011 3
47012 44
47013 4
47014 11
47015 13
47016 11
47017 9
47018 8
47019 5
47020 78
47021 4
47022 4
47023 3
47024 80
47025 4
47026 39
47027 37
47028 4
47029 30
47030 9
47031 17
47032 13
47033 14
47034 13
47035 6
47036 4
47037 19
47038 3
47039 36
47040 41
47041 32
47042 9
47043 13
47044 8
47045 9
47046 7
47047 4
47048 7
47049 8
47050 5
47051 12
47052 4
47053 7
47054 44
47055 24
47056 18
47057 33
47058 10
47059 24
47060 8
47061 3
47062 3
47063 13
47064 7
47065 8
47066 10
47067 97
47068 15
47069 34
47070 8
47071 23
47072 11
47073 4
47074 38
47075 5
47076 8
47077 3
47078 9
47079 79
47080 31
47081 28
47082 5
47083 23
47084 14
47085 16
47086 8
47087 11
47088 19
47089 3
47090 25
47091 18
47092 4
47093 60
47094 35
47095 36
47096 8
47097 17
47098 11
47099 13
47100 6
47101 24
47102 3
47103 16
47104 4
47105 27
47106 3
47107 3
47108 4
47109 5
47110 8
47111 4
47112 17
47113 16
47114 15
47115 3
47116 3
47117 4
47118 3
47119 3
47120 7
47121 19
47122 14
47123 4
47124 10
47125 3
47126 3
47127 3
47128 4
47129 8
47130 16
47131 15
47132 5
47133 3
47134 16
47135 12
47136 8
47137 3
47138 6
47139 9
47140 8
47141 3
47142 3
47143 8
47144 11
47145 9
47146 2
47147 7
47148 6
47149 6
47150 28
47151 15
47152 13
47153 8
47154 6
47155 15
47156 7
47157 4
47158 3
47159 3
47160 5
47161 3
47162 4
47163 2
47164 3
47165 8
47166 16
47167 3
47168 11
47169 6
47170 8
47171 6
47172 3
47173 3
47174 5
47175 14
47176 11
47177 4
47178 9
47179 9
47180 5
47181 3
47182 3
47183 3
47184 4
47185 2
47186 6
47187 2
47188 3
47189 3
47190 3
47191 5
47192 14
47193 3
47194 1
47195 3
47196 1
47197 13
47198 3
47199 15
47200 18
47201 14
47202 6
47203 3
47204 7
47205 7
47206 7
47207 6
47208 8
47209 4
47210 4
47211 7
47212 82
47213 7
47214 10
47215 106
47216 33
47217 41
47218 5
47219 5
47220 17
47221 9
47222 4
47223 78
47224 6
47225 48
47226 59
47227 32
47228 21
47229 8
47230 8
47231 7
47232 24
47233 3
47234 4
47235 3
47236 11
47237 4
47238 3
47239 18
47240 26
47241 87
47242 13
47243 61
47244 6
47245 2
47246 5
47247 4
47248 11
47249 3
47250 3
47251 3
47252 9
47253 35
47254 7
47255 93
47256 11
47257 68
47258 10
47259 45
47260 7
47261 6
47262 4
47263 20
47264 4
47265 5
47266 7
47267 12
47268 6
47269 17
47270 7
47271 3
47272 14
47273 8
47274 15
47275 4
47276 23
47277 36
47278 19
47279 3
47280 4
47281 19
47282 3
47283 57
47284 6
47285 4
47286 4
47287 7
47288 3
47289 5
47290 10
47291 7
47292 7
47293 12
47294 4
47295 5
47296 10
47297 3
47298 12
47299 26
47300 7
47301 3
47302 10
47303 17
47304 7
47305 14
47306 4
47307 10
47308 3
47309 2
47310 5
47311 3
47312 3
47313 11
47314 3
47315 5
47316 24
47317 10
47318 8
47319 109
47320 44
47321 56
47322 9
47323 52
47324 13
47325 32
47326 3
47327 15
47328 19
47329 23
47330 4
47331 18
47332 3
47333 6
47334 4
47335 2
47336 22
47337 9
47338 3
47339 13
47340 3
47341 7
47342 13
47343 4
47344 8
47345 5
47346 33
47347 14
47348 3
47349 9
47350 4
47351 7
47352 3
47353 7
47354 4
47355 6
47356 2
47357 5
47358 3
47359 7
47360 13
47361 7
47362 7
47363 3
47364 4
47365 5
47366 3
47367 4
47368 6
47369 7
47370 3
47371 3
47372 16
47373 19
47374 17
47375 6
47376 10
47377 3
47378 9
47379 13
47380 6
47381 5
47382 6
47383 10
47384 2
47385 24
47386 10
47387 3
47388 8
47389 90
47390 10
47391 116
47392 35
47393 55
47394 4
47395 7
47396 4
47397 15
47398 16
47399 6
47400 4
47401 6
47402 18
47403 104
47404 6
47405 9
47406 14
47407 54
47408 4
47409 69
47410 35
47411 39
47412 20
47413 18
47414 5
47415 3
47416 27
47417 7
47418 4
47419 19
47420 5
47421 24
47422 27
47423 91
47424 12
47425 69
47426 3
47427 10
47428 4
47429 4
47430 8
47431 5
47432 12
47433 4
47434 3
47435 13
47436 36
47437 2
47438 6
47439 2
47440 100
47441 13
47442 2
47443 4
47444 84
47445 20
47446 55
47447 8
47448 5
47449 4
47450 24
47451 4
47452 15
47453 11
47454 6
47455 18
47456 7
47457 13
47458 5
47459 16
47460 6
47461 25
47462 25
47463 3
47464 17
47465 4
47466 6
47467 3
47468 8
47469 20
47470 74
47471 4
47472 3
47473 11
47474 5
47475 3
47476 3
47477 9
47478 12
47479 5
47480 8
47481 7
47482 17
47483 12
47484 7
47485 3
47486 16
47487 3
47488 10
47489 10
47490 2
47491 3
47492 18
47493 3
47494 9
47495 9
47496 8
47497 25
47498 4
47499 12
47500 3
47501 3
47502 3
47503 14
47504 14
47505 3
47506 11
47507 4
47508 8
47509 3
47510 18
47511 11
47512 6
47513 3
47514 4
47515 28
47516 4
47517 4
47518 10
47519 3
47520 48
47521 38
47522 11
47523 7
47524 4
47525 7
47526 1
47527 5
47528 5
47529 5
47530 4
47531 3
47532 2
47533 4
47534 11
47535 9
47536 9
47537 15
47538 6
47539 11
47540 5
47541 3
47542 3
47543 68
47544 5
47545 20
47546 4
47547 7
47548 7
47549 11
47550 2
47551 3
47552 7
47553 5
47554 3
47555 4
47556 7
47557 7
47558 18
47559 6
47560 3
47561 3
47562 4
47563 4
47564 8
47565 3
47566 8
47567 4
47568 8
47569 4
47570 20
47571 8
47572 20
47573 27
47574 18
47575 10
47576 5
47577 7
47578 7
47579 13
47580 26
47581 11
47582 3
47583 3
47584 4
47585 3
47586 12
47587 19
47588 18
47589 3
47590 41
47591 2
47592 22
47593 7
47594 13
47595 103
47596 9
47597 15
47598 108
47599 57
47600 60
47601 8
47602 3
47603 7
47604 6
47605 20
47606 27
47607 3
47608 5
47609 9
47610 3
47611 20
47612 110
47613 9
47614 4
47615 26
47616 78
47617 5
47618 6
47619 82
47620 71
47621 5
47622 53
47623 32
47624 35
47625 13
47626 6
47627 44
47628 12
47629 6
47630 4
47631 5
47632 17
47633 9
47634 30
47635 39
47636 103
47637 28
47638 82
47639 8
47640 6
47641 26
47642 1
47643 6
47644 10
47645 4
47646 2
47647 17
47648 10
47649 7
47650 3
47651 1
47652 4
47653 12
47654 5
47655 9
47656 15
47657 53
47658 3
47659 7
47660 98
47661 18
47662 12
47663 88
47664 19
47665 71
47666 5
47667 20
47668 10
47669 52
47670 24
47671 29
47672 27
47673 6
47674 31
47675 19
47676 3
47677 19
47678 3
47679 4
47680 35
47681 9
47682 57
47683 47
47684 3
47685 26
47686 3
47687 5
47688 8
47689 10
47690 4
47691 4
47692 9
47693 4
47694 37
47695 92
47696 7
47697 9
47698 10
47699 4
47700 8
47701 5
47702 16
47703 20
47704 3
47705 18
47706 24
47707 21
47708 27
47709 3
47710 15
47711 4
47712 7
47713 16
47714 6
47715 7
47716 3
47717 27
47718 3
47719 9
47720 11
47721 16
47722 41
47723 5
47724 15
47725 4
47726 1
47727 6
47728 4
47729 15
47730 39
47731 36
47732 3
47733 3
47734 2
47735 16
47736 3
47737 5
47738 28
47739 5
47740 3
47741 35
47742 5
47743 3
47744 2
47745 7
47746 4
47747 7
47748 16
47749 3
47750 34
47751 3
47752 3
47753 6
47754 5
47755 9
47756 4
47757 2
47758 4
47759 4
47760 85
47761 5
47762 4
47763 57
47764 18
47765 21
47766 21
47767 8
47768 15
47769 6
47770 5
47771 10
47772 3
47773 16
47774 23
47775 13
47776 17
47777 3
47778 3
47779 8
47780 16
47781 4
47782 6
47783 17
47784 5
47785 39
47786 19
47787 16
47788 29
47789 12
47790 9
47791 5
47792 5
47793 9
47794 5
47795 12
47796 79
47797 10
47798 29
47799 7
47800 19
47801 3
47802 15
47803 38
47804 9
47805 6
47806 3
47807 10
47808 9
47809 4
47810 5
47811 3
47812 13
47813 9
47814 17
47815 12
47816 11
47817 4
47818 5
47819 9
47820 3
47821 13
47822 3
47823 4
47824 3
47825 10
47826 8
47827 11
47828 5
47829 3
47830 5
47831 3
47832 3
47833 23
47834 21
47835 24
47836 25
47837 7
47838 4
47839 3
47840 3
47841 3
47842 23
47843 3
47844 3
47845 3
47846 5
47847 13
47848 3
47849 23
47850 11
47851 3
47852 14
47853 102
47854 5
47855 6
47856 119
47857 64
47858 67
47859 8
47860 3
47861 5
47862 16
47863 12
47864 4
47865 2
47866 3
47867 9
47868 109
47869 10
47870 71
47871 3
47872 76
47873 77
47874 46
47875 12
47876 15
47877 7
47878 21
47879 6
47880 5
47881 2
47882 17
47883 3
47884 4
47885 23
47886 33
47887 108
47888 22
47889 91
47890 6
47891 4
47892 5
47893 5
47894 5
47895 8
47896 4
47897 3
47898 8
47899 29
47900 37
47901 3
47902 10
47903 3
47904 102
47905 14
47906 16
47907 92
47908 16
47909 80
47910 7
47911 12
47912 9
47913 33
47914 3
47915 10
47916 18
47917 13
47918 9
47919 57
47920 10
47921 32
47922 53
47923 7
47924 3
47925 40
47926 76
47927 21
47928 24
47929 4
47930 3
47931 3
47932 6
47933 8
47934 5
47935 3
47936 33
47937 89
47938 13
47939 14
47940 5
47941 2
47942 6
47943 3
47944 12
47945 22
47946 3
47947 7
47948 21
47949 14
47950 32
47951 14
47952 17
47953 4
47954 10
47955 4
47956 4
47957 8
47958 11
47959 19
47960 16
47961 3
47962 6
47963 17
47964 23
47965 10
47966 11
47967 3
47968 13
47969 7
47970 4
47971 4
47972 6
47973 9
47974 3
47975 3
47976 4
47977 57
47978 3
47979 18
47980 10
47981 36
47982 7
47983 4
47984 9
47985 35
47986 18
47987 7
47988 7
47989 8
47990 6
47991 3
47992 7
47993 19
47994 3
47995 1
47996 11
47997 16
47998 7
47999 11
48000 20
48001 6
48002 17
48003 5
48004 4
48005 51
48006 7
48007 9
48008 10
48009 3
48010 18
48011 8
48012 10
48013 7
48014 6
48015 6
48016 7
48017 6
48018 13
48019 28
48020 16
48021 7
48022 6
48023 3
48024 3
48025 19
48026 7
48027 21
48028 3
48029 2
48030 4
48031 8
48032 6
48033 4
48034 2
48035 20
48036 27
48037 27
48038 15
48039 10
48040 7
48041 10
48042 11
48043 3
48044 5
48045 16
48046 4
48047 7
48048 6
48049 8
48050 8
48051 19
48052 10
48053 3
48054 11
48055 103
48056 3
48057 4
48058 109
48059 31
48060 55
48061 4
48062 4
48063 3
48064 3
48065 10
48066 18
48067 7
48068 3
48069 30
48070 120
48071 5
48072 14
48073 89
48074 7
48075 4
48076 103
48077 99
48078 49
48079 4
48080 15
48081 26
48082 9
48083 4
48084 4
48085 3
48086 50
48087 17
48088 16
48089 3
48090 3
48091 22
48092 3
48093 29
48094 32
48095 104
48096 19
48097 3
48098 80
48099 7
48100 3
48101 9
48102 5
48103 7
48104 10
48105 9
48106 3
48107 9
48108 32
48109 50
48110 8
48111 103
48112 11
48113 24
48114 96
48115 16
48116 75
48117 4
48118 15
48119 7
48120 25
48121 17
48122 23
48123 21
48124 13
48125 58
48126 12
48127 6
48128 21
48129 3
48130 7
48131 24
48132 2
48133 5
48134 29
48135 52
48136 8
48137 19
48138 4
48139 3
48140 7
48141 5
48142 10
48143 36
48144 5
48145 87
48146 10
48147 15
48148 8
48149 3
48150 9
48151 10
48152 19
48153 13
48154 14
48155 17
48156 42
48157 9
48158 14
48159 3
48160 6
48161 6
48162 5
48163 7
48164 20
48165 8
48166 3
48167 4
48168 27
48169 19
48170 3
48171 13
48172 4
48173 14
48174 4
48175 24
48176 4
48177 4
48178 6
48179 4
48180 5
48181 41
48182 3
48183 19
48184 8
48185 11
48186 4
48187 3
48188 6
48189 4
48190 77
48191 47
48192 16
48193 24
48194 16
48195 10
48196 6
48197 5
48198 3
48199 3
48200 17
48201 6
48202 8
48203 4
48204 7
48205 11
48206 4
48207 32
48208 15
48209 11
48210 28
48211 7
48212 17
48213 4
48214 3
48215 10
48216 2
48217 69
48218 8
48219 14
48220 5
48221 18
48222 3
48223 24
48224 6
48225 9
48226 5
48227 12
48228 3
48229 4
48230 12
48231 5
48232 3
48233 5
48234 21
48235 25
48236 9
48237 10
48238 3
48239 6
48240 4
48241 15
48242 3
48243 2
48244 32
48245 3
48246 4
48247 7
48248 6
48249 5
48250 3
48251 4
48252 52
48253 14
48254 54
48255 8
48256 60
48257 25
48258 27
48259 6
48260 7
48261 24
48262 4
48263 5
48264 4
48265 39
48266 10
48267 7
48268 15
48269 5
48270 1
48271 5
48272 12
48273 40
48274 25
48275 5
48276 66
48277 6
48278 5
48279 29
48280 10
48281 6
48282 25
48283 122
48284 14
48285 14
48286 3
48287 122
48288 70
48289 102
48290 19
48291 3
48292 10
48293 7
48294 2
48295 38
48296 42
48297 7
48298 10
48299 1
48300 9
48301 7
48302 8
48303 3
48304 3
48305 8
48306 38
48307 123
48308 14
48309 11
48310 38
48311 110
48312 8
48313 9
48314 111
48315 94
48316 91
48317 13
48318 45
48319 58
48320 25
48321 7
48322 5
48323 4
48324 87
48325 24
48326 7
48327 13
48328 10
48329 3
48330 12
48331 41
48332 9
48333 5
48334 83
48335 70
48336 3
48337 125
48338 44
48339 1
48340 116
48341 6
48342 9
48343 4
48344 44
48345 5
48346 6
48347 7
48348 26
48349 10
48350 8
48351 15
48352 13
48353 20
48354 15
48355 3
48356 4
48357 5
48358 10
48359 4
48360 3
48361 1
48362 10
48363 58
48364 93
48365 5
48366 22
48367 6
48368 124
48369 45
48370 3
48371 20
48372 110
48373 31
48374 106
48375 4
48376 38
48377 3
48378 15
48379 84
48380 4
48381 15
48382 46
48383 55
48384 22
48385 66
48386 40
48387 10
48388 33
48389 4
48390 2
48391 5
48392 47
48393 6
48394 4
48395 64
48396 47
48397 4
48398 49
48399 7
48400 3
48401 14
48402 7
48403 5
48404 8
48405 2
48406 19
48407 3
48408 3
48409 80
48410 6
48411 121
48412 21
48413 3
48414 23
48415 22
48416 5
48417 15
48418 5
48419 27
48420 3
48421 7
48422 56
48423 6
48424 8
48425 37
48426 50
48427 52
48428 6
48429 52
48430 9
48431 8
48432 20
48433 5
48434 28
48435 4
48436 12
48437 4
48438 19
48439 2
48440 13
48441 10
48442 8
48443 5
48444 40
48445 22
48446 3
48447 30
48448 53
48449 32
48450 3
48451 11
48452 5
48453 9
48454 30
48455 57
48456 64
48457 3
48458 11
48459 11
48460 5
48461 42
48462 9
48463 14
48464 59
48465 4
48466 17
48467 60
48468 12
48469 9
48470 3
48471 4
48472 6
48473 17
48474 3
48475 7
48476 10
48477 12
48478 12
48479 2
48480 8
48481 72
48482 20
48483 24
48484 10
48485 13
48486 3
48487 13
48488 8
48489 3
48490 113
48491 3
48492 5
48493 2
48494 96
48495 43
48496 52
48497 12
48498 41
48499 14
48500 24
48501 16
48502 16
48503 20
48504 5
48505 9
48506 7
48507 14
48508 2
48509 3
48510 40
48511 9
48512 6
48513 9
48514 3
48515 3
48516 3
48517 3
48518 6
48519 7
48520 8
48521 9
48522 55
48523 37
48524 35
48525 59
48526 11
48527 40
48528 7
48529 3
48530 9
48531 8
48532 29
48533 8
48534 15
48535 8
48536 40
48537 115
48538 35
48539 3
48540 48
48541 9
48542 37
48543 4
48544 6
48545 26
48546 3
48547 8
48548 4
48549 55
48550 16
48551 29
48552 6
48553 39
48554 24
48555 28
48556 11
48557 3
48558 9
48559 7
48560 5
48561 27
48562 4
48563 13
48564 33
48565 4
48566 3
48567 38
48568 30
48569 25
48570 7
48571 13
48572 3
48573 3
48574 3
48575 25
48576 2
48577 16
48578 3
48579 26
48580 10
48581 18
48582 1
48583 4
48584 4
48585 3
48586 5
48587 42
48588 33
48589 4
48590 10
48591 2
48592 19
48593 7
48594 3
48595 3
48596 9
48597 10
48598 3
48599 6
48600 46
48601 14
48602 59
48603 5
48604 7
48605 50
48606 34
48607 31
48608 11
48609 10
48610 29
48611 3
48612 3
48613 16
48614 5
48615 12
48616 5
48617 3
48618 25
48619 4
48620 5
48621 31
48622 15
48623 32
48624 52
48625 2
48626 4
48627 26
48628 6
48629 9
48630 21
48631 124
48632 17
48633 30
48634 3
48635 125
48636 75
48637 99
48638 37
48639 9
48640 32
48641 8
48642 3
48643 32
48644 52
48645 9
48646 8
48647 2
48648 3
48649 3
48650 4
48651 11
48652 9
48653 1
48654 9
48655 46
48656 125
48657 14
48658 6
48659 43
48660 107
48661 12
48662 13
48663 120
48664 106
48665 4
48666 102
48667 7
48668 48
48669 43
48670 32
48671 13
48672 4
48673 83
48674 22
48675 5
48676 18
48677 14
48678 4
48679 13
48680 52
48681 8
48682 14
48683 3
48684 95
48685 81
48686 3
48687 123
48688 35
48689 112
48690 15
48691 6
48692 92
48693 3
48694 21
48695 14
48696 8
48697 9
48698 9
48699 32
48700 12
48701 23
48702 11
48703 6
48704 10
48705 5
48706 18
48707 2
48708 3
48709 2
48710 2
48711 20
48712 60
48713 91
48714 6
48715 20
48716 5
48717 124
48718 41
48719 3
48720 4
48721 38
48722 121
48723 22
48724 110
48725 6
48726 39
48727 16
48728 63
48729 14
48730 22
48731 29
48732 41
48733 13
48734 88
48735 51
48736 18
48737 31
48738 3
48739 7
48740 47
48741 11
48742 5
48743 58
48744 55
48745 6
48746 35
48747 5
48748 3
48749 8
48750 7
48751 10
48752 4
48753 9
48754 31
48755 4
48756 1
48757 3
48758 3
48759 64
48760 8
48761 122
48762 19
48763 20
48764 20
48765 6
48766 9
48767 5
48768 30
48769 3
48770 6
48771 41
48772 4
48773 8
48774 25
48775 38
48776 52
48777 19
48778 42
48779 4
48780 5
48781 15
48782 5
48783 9
48784 14
48785 14
48786 4
48787 7
48788 3
48789 12
48790 4
48791 6
48792 29
48793 37
48794 34
48795 49
48796 3
48797 25
48798 3
48799 5
48800 6
48801 8
48802 65
48803 58
48804 94
48805 10
48806 4
48807 15
48808 6
48809 4
48810 50
48811 12
48812 10
48813 17
48814 66
48815 8
48816 13
48817 93
48818 12
48819 15
48820 5
48821 3
48822 4
48823 33
48824 3
48825 4
48826 24
48827 4
48828 7
48829 9
48830 4
48831 80
48832 4
48833 26
48834 3
48835 31
48836 20
48837 7
48838 5
48839 6
48840 11
48841 6
48842 117
48843 8
48844 7
48845 7
48846 102
48847 59
48848 47
48849 8
48850 44
48851 11
48852 24
48853 11
48854 10
48855 24
48856 3
48857 6
48858 11
48859 42
48860 10
48861 11
48862 8
48863 2
48864 5
48865 2
48866 8
48867 4
48868 13
48869 8
48870 3
48871 56
48872 30
48873 29
48874 45
48875 12
48876 33
48877 3
48878 4
48879 9
48880 4
48881 5
48882 14
48883 4
48884 4
48885 13
48886 28
48887 3
48888 120
48889 21
48890 56
48891 8
48892 29
48893 4
48894 45
48895 3
48896 8
48897 4
48898 74
48899 6
48900 42
48901 5
48902 30
48903 21
48904 24
48905 10
48906 3
48907 5
48908 5
48909 34
48910 20
48911 3
48912 25
48913 3
48914 65
48915 37
48916 45
48917 4
48918 16
48919 7
48920 6
48921 8
48922 4
48923 41
48924 6
48925 3
48926 17
48927 9
48928 48
48929 9
48930 13
48931 5
48932 3
48933 5
48934 6
48935 3
48936 5
48937 36
48938 44
48939 3
48940 5
48941 4
48942 1
48943 29
48944 10
48945 4
48946 2
48947 4
48948 15
48949 4
48950 5
48951 3
48952 4
48953 5
48954 10
48955 3
48956 6
48957 3
48958 35
48959 5
48960 45
48961 13
48962 13
48963 5
48964 5
48965 40
48966 18
48967 27
48968 10
48969 9
48970 5
48971 6
48972 3
48973 10
48974 3
48975 10
48976 6
48977 38
48978 5
48979 21
48980 6
48981 3
48982 3
48983 3
48984 4
48985 15
48986 50
48987 16
48988 3
48989 38
48990 3
48991 27
48992 4
48993 21
48994 6
48995 4
48996 8
48997 28
48998 4
48999 4
49000 12
49001 7
49002 3
49003 4
49004 7
49005 3
49006 21
49007 3
49008 5
49009 5
49010 4
49011 5
49012 13
49013 5
49014 4
49015 7
49016 12
49017 5
49018 7
49019 3
49020 6
49021 8
49022 5
49023 9
49024 5
49025 12
49026 10
49027 16
49028 6
49029 4
49030 20
49031 3
49032 8
49033 6
49034 7
49035 4
49036 2
49037 3
49038 12
49039 12
49040 11
49041 6
49042 3
49043 5
49044 3
49045 13
49046 3
49047 16
49048 7
49049 5
49050 3
49051 7
49052 30
49053 6
49054 3
49055 4
49056 8
49057 25
49058 13
49059 29
49060 3
49061 10
49062 9
49063 3
49064 25
49065 3
49066 14
49067 32
49068 10
49069 84
49070 52
49071 47
49072 2
49073 23
49074 5
49075 11
49076 7
49077 5
49078 40
49079 16
49080 8
49081 58
49082 1
49083 12
49084 4
49085 3
49086 7
49087 3
49088 2
49089 1
49090 5
49091 4
49092 11
49093 3
49094 3
49095 2
49096 3
49097 3
49098 3
49099 6
49100 3
49101 3
49102 3
49103 3
49104 6
49105 6
49106 2
49107 4
49108 10
49109 7
49110 3
49111 14
49112 5
49113 5
49114 4
49115 3
49116 3
49117 5
49118 4
49119 3
49120 6
49121 3
49122 3
49123 42
49124 73
49125 8
49126 24
49127 3
49128 6
49129 4
49130 5
49131 30
49132 8
49133 13
49134 8
49135 5
49136 3
49137 6
49138 2
49139 5
49140 6
49141 27
49142 25
49143 4
49144 3
49145 3
49146 2
49147 6
49148 3
49149 16
49150 3
49151 31
49152 3
49153 22
49154 14
49155 3
49156 2
49157 4
49158 34
49159 4
49160 3
49161 2
49162 4
49163 4
49164 4
49165 29
49166 4
49167 15
49168 5
49169 16
49170 3
49171 6
49172 3
49173 5
49174 6
49175 32
49176 17
49177 6
49178 2
49179 3
49180 5
49181 3
49182 6
49183 3
49184 26
49185 6
49186 3
49187 3
49188 4
49189 3
49190 16
49191 5
49192 5
49193 4
49194 3
49195 11
49196 4
49197 8
49198 7
49199 4
49200 3
49201 3
49202 9
49203 4
49204 6
49205 20
49206 5
49207 5
49208 5
49209 3
49210 3
49211 5
