42296 3
42297 65
42298 125
42299 33
42300 23
42301 114
42302 125
42303 54
42304 10
42305 9
42306 51
42307 125
42308 125
42309 21
42310 116
42311 5
42312 100
42313 105
42314 123
42315 25
42316 5
42317 1
42318 61
42319 39
42320 109
42321 83
42322 94
42323 91
42324 69
42325 106
42326 11
42327 9
42328 2
42329 28
42330 62
42331 20
42332 15
42333 9
42334 106
42335 111
42336 12
42337 16
42338 112
42339 55
42340 3
42341 124
42342 3
42343 17
42344 4
42345 18
42346 35
42347 21
42348 13
42349 29
42350 21
42351 59
42352 10
42353 4
42354 33
42355 115
42356 59
42357 60
42358 112
42359 125
42360 91
42361 96
42362 4
42363 51
42364 125
42365 125
42366 17
42367 125
42368 25
42369 17
42370 106
42371 42
42372 81
42373 55
42374 13
42375 40
42376 38
42377 116
42378 123
42379 85
42380 114
42381 10
42382 9
42383 10
42384 4
42385 33
42386 2
42387 3
42388 1
42389 28
42390 99
42391 91
42392 24
42393 4
42394 32
42395 121
42396 41
42397 33
42398 7
42399 3
42400 62
42401 48
42402 5
42403 23
42404 6
42405 4
42406 10
42407 13
42408 9
42409 20
42410 7
42411 8
42412 14
42413 15
42414 32
42415 4
42416 4
42417 11
42418 57
42419 122
42420 125
42421 82
42422 53
42423 118
42424 125
42425 67
42426 68
42427 15
42428 22
42429 125
42430 125
42431 75
42432 125
42433 53
42434 125
42435 122
42436 115
42437 3
42438 62
42439 50
42440 3
42441 44
42442 13
42443 125
42444 118
42445 49
42446 108
42447 92
42448 33
42449 57
42450 122
42451 79
42452 79
42453 3
42454 56
42455 125
42456 125
42457 21
42458 9
42459 5
42460 19
42461 125
42462 123
42463 45
42464 125
42465 28
42466 5
42467 82
42468 3
42469 57
42470 123
42471 25
42472 40
42473 102
42474 101
42475 75
42476 96
42477 17
42478 3
42479 35
42480 17
42481 3
42482 17
42483 108
42484 74
42485 110
42486 14
42487 2
42488 75
42489 2
42490 17
42491 15
42492 24
42493 5
42494 6
42495 7
42496 11
42497 4
42498 5
42499 10
42500 24
42501 4
42502 75
42503 49
42504 79
42505 10
42506 52
42507 11
42508 9
42509 5
42510 9
42511 14
42512 3
42513 6
42514 14
42515 3
42516 14
42517 19
42518 3
42519 4
42520 7
42521 9
42522 2
42523 5
42524 7
42525 4
42526 4
42527 3
42528 19
42529 2
42530 5
42531 3
42532 7
42533 7
42534 13
42535 7
42536 11
42537 3
42538 3
42539 20
42540 117
42541 5
42542 12
42543 4
42544 125
42545 3
42546 4
42547 125
42548 67
42549 121
42550 17
42551 75
42552 125
42553 124
42554 26
42555 7
42556 33
42557 121
42558 125
42559 125
42560 21
42561 125
42562 3
42563 113
42564 20
42565 124
42566 28
42567 3
42568 15
42569 76
42570 125
42571 89
42572 120
42573 121
42574 121
42575 124
42576 125
42577 115
42578 19
42579 11
42580 86
42581 125
42582 36
42583 91
42584 15
42585 117
42586 125
42587 117
42588 3
42589 6
42590 13
42591 72
42592 125
42593 125
42594 120
42595 123
42596 2
42597 79
42598 22
42599 85
42600 4
42601 57
42602 94
42603 6
42604 56
42605 106
42606 99
42607 59
42608 95
42609 123
42610 37
42611 8
42612 4
42613 21
42614 74
42615 16
42616 5
42617 92
42618 6
42619 3
42620 7
42621 72
42622 13
42623 8
42624 14
42625 5
42626 12
42627 3
42628 9
42629 10
42630 3
42631 19
42632 10
42633 4
42634 125
42635 27
42636 112
42637 10
42638 33
42639 125
42640 117
42641 12
42642 11
42643 119
42644 114
42645 115
42646 105
42647 4
42648 79
42649 15
42650 121
42651 30
42652 51
42653 124
42654 59
42655 104
42656 121
42657 121
42658 125
42659 123
42660 120
42661 29
42662 15
42663 64
42664 85
42665 3
42666 4
42667 3
42668 25
42669 42
42670 16
42671 104
42672 52
42673 2
42674 120
42675 42
42676 21
42677 15
42678 4
42679 114
42680 10
42681 7
42682 34
42683 65
42684 61
42685 117
42686 23
42687 8
42688 124
42689 125
42690 7
42691 4
42692 5
42693 6
42694 9
42695 11
42696 8
42697 116
42698 4
42699 6
42700 125
42701 46
42702 109
42703 3
42704 7
42705 4
42706 17
42707 24
42708 42
42709 2
42710 4
42711 56
42712 62
42713 118
42714 13
42715 17
42716 122
42717 123
42718 57
42719 44
42720 102
42721 57
42722 5
42723 66
42724 7
42725 83
42726 15
42727 120
42728 45
42729 59
42730 82
42731 125
42732 96
42733 94
42734 125
42735 124
42736 118
42737 3
42738 6
42739 38
42740 16
42741 38
42742 101
42743 11
42744 28
42745 54
42746 18
42747 3
42748 22
42749 17
42750 5
42751 86
42752 6
42753 8
42754 16
42755 7
42756 3
42757 5
42758 6
42759 59
42760 2
42761 64
42762 22
42763 16
42764 5
42765 8
42766 3
42767 9
42768 12
42769 21
42770 11
42771 5
42772 3
42773 28
42774 4
42775 6
42776 3
42777 2
42778 9
42779 11
42780 3
42781 5
42782 2
42783 9
42784 38
42785 123
42786 13
42787 39
42788 115
42789 16
42790 3
42791 109
42792 114
42793 3
42794 81
42795 6
42796 30
42797 74
42798 68
42799 12
42800 38
42801 3
42802 125
42803 48
42804 13
42805 4
42806 15
42807 12
42808 7
42809 2
42810 3
42811 4
42812 3
42813 62
42814 61
42815 125
42816 22
42817 125
42818 122
42819 69
42820 3
42821 8
42822 5
42823 123
42824 100
42825 110
42826 26
42827 93
42828 85
42829 108
42830 42
42831 67
42832 45
42833 102
42834 42
42835 6
42836 42
42837 124
42838 3
42839 18
42840 16
42841 15
42842 53
42843 27
42844 49
42845 115
42846 7
42847 117
42848 98
42849 34
42850 8
42851 3
42852 95
42853 78
42854 81
42855 5
42856 55
42857 46
42858 93
42859 16
42860 3
42861 40
42862 32
42863 79
42864 8
42865 8
42866 32
42867 109
42868 3
42869 9
42870 4
42871 13
42872 68
42873 68
42874 125
42875 10
42876 125
42877 120
42878 25
42879 5
42880 9
42881 125
42882 106
42883 7
42884 123
42885 10
42886 58
42887 52
42888 65
42889 8
42890 38
42891 45
42892 112
42893 6
42894 19
42895 35
42896 65
42897 14
42898 32
42899 7
42900 10
42901 13
42902 94
42903 31
42904 114
42905 12
42906 125
42907 107
42908 25
42909 3
42910 4
42911 123
42912 93
42913 5
42914 120
42915 24
42916 21
42917 115
42918 19
42919 3
42920 49
42921 36
42922 123
42923 14
42924 13
42925 82
42926 104
42927 30
42928 36
42929 7
42930 2
42931 34
42932 30
42933 84
42934 125
42935 14
42936 124
42937 125
42938 51
42939 3
42940 4
42941 7
42942 112
42943 94
42944 100
42945 10
42946 79
42947 58
42948 124
42949 46
42950 7
42951 26
42952 52
42953 116
42954 32
42955 2
42956 51
42957 125
42958 13
42959 17
42960 4
42961 11
42962 25
42963 38
42964 79
42965 125
42966 12
42967 6
42968 124
42969 125
42970 72
42971 11
42972 7
42973 116
42974 93
42975 92
42976 10
42977 73
42978 61
42979 125
42980 69
42981 5
42982 30
42983 51
42984 117
42985 32
42986 7
42987 84
42988 125
42989 17
42990 17
42991 9
42992 11
42993 47
42994 8
42995 63
42996 11
42997 21
42998 32
42999 3
43000 97
43001 50
43002 35
43003 42
43004 35
43005 6
43006 62
43007 20
43008 2
43009 72
43010 7
43011 6
43012 119
43013 123
43014 2
43015 18
43016 4
43017 7
43018 8
43019 19
43020 8
43021 17
43022 23
43023 6
43024 30
43025 41
43026 40
43027 9
43028 22
43029 3
43030 11
43031 9
43032 17
43033 107
43034 17
43035 12
43036 7
43037 59
43038 4
43039 5
43040 13
43041 58
43042 57
43043 37
43044 6
43045 79
43046 13
43047 27
43048 3
43049 12
43050 50
43051 51
43052 27
43053 15
43054 19
