1 125
2 1
3 1
4 13
5 5
6 1
7 2
8 1
9 79
10 3
11 3
12 1
13 1
14 8
15 2
16 12
17 6
18 7
19 5
20 4
21 1
22 1
23 3
24 4
25 8
26 2
27 4
28 5
29 35
30 4
31 1
32 58
33 92
34 83
35 15
36 1
37 2
38 17
39 6
40 6
41 3
42 121
43 3
44 3
45 5
46 3
47 1
48 3
49 7
50 4
51 28
52 3
53 22
54 7
55 1
56 3
57 3
58 7
59 2
60 9
61 1
62 13
63 4
64 12
65 5
66 18
67 5
68 3
69 6
70 3
71 3
72 1
73 2
74 1
75 5
76 3
77 4
78 12
79 7
80 87
81 4
82 48
83 8
84 7
85 5
86 17
87 2
88 15
89 3
90 9
91 3
92 60
93 3
94 28
95 23
96 3
97 20
98 7
99 2
100 2
101 37
102 4
103 37
104 6
105 3
106 21
107 9
108 1
109 6
110 2
111 7
112 11
113 5
114 28
115 32
116 3
117 3
118 6
119 2
120 2
121 3
122 34
123 12
124 1
125 3
126 4
127 1
128 9
129 13
130 10
131 7
132 19
133 3
134 30
135 16
136 3
137 5
138 6
139 24
140 11
141 2
142 18
143 10
144 1
145 2
146 5
147 8
148 25
149 6
150 7
151 4
152 14
153 1
154 3
155 1
156 4
157 2
158 35
159 43
160 3
161 5
162 24
163 2
164 6
165 5
166 10
167 5
168 12
169 10
170 2
171 2
172 10
173 4
174 3
175 7
176 34
177 36
178 5
179 5
180 1
181 23
182 69
183 36
184 13
185 34
186 15
187 6
188 10
189 13
190 4
191 13
192 2
193 4
194 4
195 10
196 3
197 7
198 26
199 6
200 25
201 8
202 1
203 1
204 2
205 3
206 1
207 1
208 1
209 8
210 2
211 6
212 3
213 3
214 1
215 3
216 24
217 29
218 3
219 15
220 4
221 11
222 1
223 5
224 2
225 1
226 5
227 7
228 14
229 28
230 27
231 13
232 15
233 8
234 2
235 12
236 6
237 4
238 3
239 3
240 1
241 1
242 1
243 3
244 11
245 1
246 5
247 20
248 18
249 5
250 4
251 11
252 3
253 1
254 14
255 2
256 1
257 2
258 1
259 3
260 6
261 7
262 2
263 3
264 95
265 2
266 3
267 4
268 1
269 20
270 7
271 1
272 1
273 34
274 3
275 13
276 4
277 1
278 3
279 13
280 1
281 4
282 2
283 6
284 1
285 9
286 5
287 4
288 7
289 6
290 6
291 3
292 4
293 9
294 3
295 14
296 4
297 2
298 3
299 4
300 4
301 4
302 1
303 9
304 8
305 21
306 7
307 7
308 19
309 1
310 2
311 2
312 1
313 1
314 1
315 1
316 5
317 1
318 1
319 19
320 35
321 106
322 12
323 2
324 2
325 1
326 3
327 3
328 1
329 1
330 1
331 11
332 16
333 8
334 5
335 1
336 2
337 1
338 2
339 15
340 56
341 27
342 3
343 22
344 12
345 3
346 1
347 9
348 6
349 14
350 1
351 2
352 17
353 3
354 9
355 7
356 5
357 2
358 1
359 1
360 120
361 1
362 1
363 5
364 1
365 4
366 3
367 6
368 9
369 3
370 9
371 19
372 15
373 3
374 7
375 23
376 1
377 10
378 37
379 3
380 3
381 17
382 3
383 33
384 3
385 3
386 9
387 1
388 1
389 37
390 124
391 3
392 3
393 3
394 5
395 3
396 14
397 4
398 72
399 55
400 2
401 11
402 4
403 1
404 2
405 4
406 4
407 3
408 3
409 4
410 4
411 3
412 10
413 6
414 19
415 1
416 4
417 34
418 3
419 3
420 1
421 2
422 71
423 3
424 45
425 7
426 18
427 5
428 3
429 5
430 1
431 125
432 40
433 9
434 4
435 13
436 5
437 2
438 3
439 2
440 2
441 2
442 13
443 4
444 6
445 17
446 4
447 7
448 104
449 53
450 6
451 3
452 3
453 31
454 30
455 5
456 14
457 10
458 37
459 4
460 2
461 8
462 4
463 4
464 1
465 2
466 2
467 2
468 8
469 2
470 2
471 3
472 1
473 2
474 2
475 2
476 125
477 18
478 4
479 3
480 2
481 8
482 3
483 29
484 3
485 3
486 2
487 1
488 3
489 2
490 5
491 2
492 2
493 2
494 5
495 4
496 12
497 6
498 5
499 11
500 3
501 16
502 39
503 3
504 11
505 33
506 9
507 12
508 2
509 7
510 5
511 11
512 4
513 2
514 66
515 1
516 3
517 18
518 84
519 7
520 1
521 3
522 26
523 2
524 5
525 4
526 9
527 2
528 14
529 8
530 16
531 7
532 8
533 5
534 5
535 3
536 6
537 1
538 1
539 2
540 3
541 2
542 84
543 2
544 3
545 7
546 3
547 1
548 1
549 45
550 11
551 1
552 4
553 2
554 3
555 5
556 3
557 41
558 11
559 18
560 11
561 32
562 3
563 4
564 1
565 3
566 1
567 4
568 7
569 3
570 14
571 39
572 4
573 37
574 21
575 3
576 70
577 10
578 12
579 50
580 2
581 38
582 1
583 3
584 7
585 91
586 48
587 56
588 20
589 2
590 44
591 4
592 4
593 3
594 1
595 4
596 13
597 3
598 3
599 3
600 6
601 1
602 2
603 2
604 8
605 1
606 3
607 2
608 9
609 5
610 1
611 13
612 5
613 1
614 4
615 3
616 5
617 15
618 4
619 2
620 1
621 125
622 1
623 15
624 20
625 3
626 14
627 3
628 3
629 1
630 4
631 1
632 1
633 4
634 3
635 10
636 11
637 9
638 23
639 7
640 13
641 4
642 1
643 2
644 4
645 5
646 2
647 2
648 3
649 1
650 2
651 2
652 35
653 1
654 2
655 7
656 5
657 2
658 4
659 3
660 4
661 14
662 3
663 2
664 15
665 5
666 18
667 7
668 2
669 3
670 35
671 4
672 11
673 125
674 1
675 33
676 1
677 16
678 19
679 16
680 4
681 12
682 22
683 6
684 9
685 1
686 2
687 2
688 26
689 1
690 1
691 1
692 3
693 33
694 7
695 4
696 1
697 2
698 1
699 3
700 3
701 10
702 3
703 6
704 3
705 2
706 20
707 2
708 33
709 5
710 1
711 8
712 11
713 4
714 5
715 3
716 5
717 14
718 14
719 9
720 8
721 40
722 8
723 4
724 77
725 4
726 4
727 36
728 28
729 14
730 17
731 5
732 22
733 2
734 10
735 3
736 3
737 2
738 4
739 6
740 1
741 116
742 13
743 1
744 23
745 14
746 3
747 4
748 19
749 5
750 12
751 3
752 11
753 4
754 5
755 2
756 1
757 1
758 3
759 1
760 27
761 8
762 2
763 16
764 36
765 4
766 6
767 3
768 11
769 8
770 9
771 1
772 3
773 15
774 1
775 4
776 6
777 22
778 12
779 3
780 2
781 1
782 3
783 1
784 1
785 1
786 29
787 1
788 1
789 9
790 1
791 4
792 6
793 3
794 4
795 9
796 1
797 1
798 4
799 4
800 2
801 3
802 32
803 5
804 22
805 4
806 2
807 5
808 16
809 1
810 1
811 1
812 1
813 4
814 4
815 11
816 4
817 52
818 44
819 7
820 1
821 2
822 9
823 4
824 5
825 7
826 46
827 6
828 49
829 8
830 8
831 2
832 3
833 1
834 6
835 1
836 1
837 3
838 30
839 6
840 7
841 5
842 2
843 10
844 3
845 1
846 1
847 4
848 1
849 5
850 1
851 1
852 1
853 2
854 1
855 34
856 1
857 16
858 4
859 1
860 54
861 1
862 1
863 10
864 4
865 5
866 1
867 2
868 1
869 1
870 1
871 1
872 1
873 1
874 1
875 25
876 4
877 3
878 22
879 4
880 3
881 7
882 17
883 3
884 1
885 7
886 1
887 10
888 3
889 7
890 1
891 1
892 1
893 1
894 4
895 3
896 1
897 7
898 15
899 2
900 3
901 4
902 3
903 1
904 3
905 3
906 5
907 3
908 3
909 2
910 8
911 2
912 2
913 2
914 4
915 2
916 1
917 4
918 3
919 3
920 3
921 3
922 2
923 2
924 5
925 33
926 14
927 1
928 1
929 9
930 3
931 119
932 39
933 15
934 3
935 6
936 9
937 1
938 59
939 13
940 1
941 1
942 35
943 3
944 2
945 1
946 1
947 2
948 5
949 1
950 1
951 3
952 17
953 3
954 7
955 1
956 4
957 2
958 2
959 124
960 53
961 5
962 6
963 1
964 1
965 1
966 4
967 3
968 6
969 10
970 102
971 2
972 43
973 32
974 8
975 2
976 5
977 106
978 1
979 1
980 70
981 7
982 5
983 13
984 2
985 18
986 9
987 4
988 3
989 6
990 2
991 4
992 25
993 1
994 5
995 9
996 13
997 6
998 1
999 5
1000 3
1001 20
1002 2
1003 16
1004 4
1005 4
1006 58
1007 3
1008 5
1009 2
1010 5
1011 7
1012 3
1013 26
1014 7
1015 1
1016 3
1017 1
1018 28
1019 1
1020 10
1021 12
1022 27
1023 23
1024 11
1025 16
1026 3
1027 1
1028 2
1029 3
1030 5
1031 4
1032 6
1033 3
1034 10
1035 5
1036 9
1037 9
1038 2
1039 2
1040 22
1041 5
1042 11
1043 7
1044 12
1045 2
1046 3
1047 7
1048 3
1049 7
1050 29
1051 63
1052 5
1053 7
1054 3
1055 4
1056 69
1057 9
1058 117
1059 1
1060 17
1061 1
1062 3
1063 5
1064 12
1065 3
1066 6
1067 1
1068 11
1069 10
1070 2
1071 3
1072 1
1073 2
1074 3
1075 1
1076 3
1077 3
1078 26
1079 1
1080 12
1081 8
1082 1
1083 1
1084 11
1085 1
1086 3
1087 7
1088 3
1089 6
1090 1
1091 6
1092 28
1093 11
1094 11
1095 4
1096 3
1097 4
1098 26
1099 6
1100 7
1101 2
1102 5
1103 10
1104 3
1105 1
1106 1
1107 2
1108 4
1109 5
1110 6
1111 4
1112 4
1113 1
1114 7
1115 2
1116 1
1117 11
1118 3
1119 3
1120 3
1121 3
1122 1
1123 3
1124 1
1125 2
1126 1
1127 8
1128 5
1129 5
1130 2
1131 2
1132 4
1133 29
1134 10
1135 13
1136 2
1137 9
1138 5
1139 5
1140 2
1141 1
1142 10
1143 4
1144 7
1145 4
1146 1
1147 1
1148 1
1149 7
1150 3
1151 2
1152 4
1153 2
1154 3
1155 1
1156 1
1157 1
1158 1
1159 14
1160 2
1161 1
1162 3
1163 11
1164 2
1165 1
1166 6
1167 1
1168 1
1169 8
1170 2
1171 1
1172 4
1173 8
1174 21
1175 2
1176 2
1177 6
1178 2
1179 12
1180 7
1181 2
1182 1
1183 6
1184 4
1185 1
1186 3
1187 6
1188 2
1189 9
1190 1
1191 3
1192 2
1193 1
1194 6
1195 2
1196 1
1197 6
1198 1
1199 109
1200 2
1201 13
1202 4
1203 6
1204 5
1205 10
1206 8
1207 8
1208 1
1209 3
1210 2
1211 4
1212 6
1213 1
1214 2
1215 1
1216 9
1217 3
1218 4
1219 2
1220 3
1221 1
1222 2
1223 4
1224 4
1225 2
1226 8
1227 3
1228 9
1229 3
1230 5
1231 4
1232 2
1233 2
1234 3
1235 2
1236 6
1237 4
1238 14
1239 15
1240 3
1241 1
1242 14
1243 14
1244 1
1245 1
1246 5
1247 1
1248 7
1249 1
1250 6
1251 4
1252 3
1253 5
1254 2
1255 1
1256 1
1257 1
1258 7
1259 2
1260 1
1261 2
1262 12
1263 13
1264 1
1265 3
1266 3
1267 3
1268 2
1269 1
1270 2
1271 4
1272 1
1273 2
1274 1
1275 2
1276 1
1277 43
1278 4
1279 52
1280 2
1281 1
1282 6
1283 42
1284 3
1285 3
1286 1
1287 7
1288 1
1289 2
1290 3
1291 2
1292 3
1293 3
1294 1
1295 3
1296 2
1297 3
1298 3
1299 13
1300 1
1301 117
1302 5
1303 3
1304 2
1305 7
1306 2
1307 2
1308 125
1309 4
1310 5
1311 1
1312 1
1313 2
1314 3
1315 46
1316 1
1317 8
1318 2
1319 2
1320 1
1321 58
1322 4
1323 1
1324 1
1325 1
1326 9
1327 1
1328 1
1329 1
1330 9
1331 1
1332 1
1333 4
1334 4
1335 2
1336 1
1337 2
1338 4
1339 1
1340 8
1341 3
1342 2
1343 6
1344 3
1345 2
1346 1
1347 28
1348 11
1349 9
1350 2
1351 37
1352 45
1353 10
1354 19
1355 23
1356 2
1357 3
1358 2
1359 1
1360 12
1361 2
1362 3
1363 31
1364 1
1365 57
1366 9
1367 3
1368 7
1369 19
1370 4
1371 1
1372 35
1373 9
1374 10
1375 11
1376 2
1377 1
1378 2
1379 2
1380 125
1381 7
1382 2
1383 5
1384 4
1385 3
1386 8
1387 28
1388 3
1389 13
1390 6
1391 1
1392 1
1393 2
1394 66
1395 6
1396 2
1397 5
1398 3
1399 4
1400 3
1401 2
1402 7
1403 5
1404 3
1405 6
1406 2
1407 1
1408 7
1409 6
1410 1
1411 8
1412 3
1413 19
1414 7
1415 7
1416 13
1417 7
1418 2
1419 4
1420 2
1421 6
1422 4
1423 13
1424 3
1425 6
1426 9
1427 3
1428 3
1429 3
1430 3
1431 4
1432 2
1433 3
1434 2
1435 29
1436 6
1437 1
1438 23
1439 8
1440 3
1441 3
1442 96
1443 2
1444 10
1445 1
1446 2
1447 56
1448 13
1449 1
1450 4
1451 10
1452 1
1453 3
1454 14
1455 3
1456 5
1457 11
1458 41
1459 20
1460 7
1461 14
1462 10
1463 5
1464 16
1465 4
1466 41
1467 1
1468 9
1469 1
1470 8
1471 14
1472 6
1473 3
1474 3
1475 1
1476 1
1477 4
1478 3
1479 4
1480 1
1481 2
1482 2
1483 2
1484 2
1485 40
1486 2
1487 1
1488 26
1489 3
1490 14
1491 4
1492 1
1493 1
1494 2
1495 5
1496 1
1497 1
1498 4
1499 2
1500 1
1501 3
1502 4
1503 29
1504 3
1505 2
1506 1
1507 2
1508 1
1509 6
1510 19
1511 3
1512 3
1513 2
1514 15
1515 2
1516 2
1517 8
1518 1
1519 1
1520 3
1521 4
1522 3
1523 3
1524 2
1525 5
1526 60
1527 7
1528 3
1529 1
1530 10
1531 8
1532 4
1533 20
1534 4
1535 2
1536 1
1537 1
1538 2
1539 2
1540 1
1541 2
1542 2
1543 8
1544 2
1545 2
1546 2
1547 2
1548 25
1549 3
1550 4
1551 14
1552 16
1553 6
1554 8
1555 26
1556 3
1557 4
1558 37
1559 7
1560 15
1561 6
1562 31
1563 5
1564 15
1565 6
1566 3
1567 2
1568 2
1569 4
1570 35
1571 1
1572 11
1573 10
1574 30
1575 3
1576 3
1577 5
1578 3
1579 1
1580 1
1581 21
1582 38
1583 5
1584 7
1585 6
1586 3
1587 4
1588 34
1589 3
1590 15
1591 4
1592 6
1593 3
1594 1
1595 2
1596 2
1597 1
1598 1
1599 3
1600 3
1601 31
1602 19
1603 10
1604 1
1605 1
1606 1
1607 38
1608 11
1609 9
1610 2
1611 3
1612 1
1613 5
1614 2
1615 5
1616 3
1617 3
1618 3
1619 6
1620 20
1621 2
1622 7
1623 7
1624 13
1625 6
1626 4
1627 3
1628 6
1629 8
1630 15
1631 2
1632 1
1633 3
1634 1
1635 3
1636 13
1637 7
1638 4
1639 2
1640 34
1641 11
1642 3
1643 30
1644 59
1645 4
1646 5
1647 1
1648 23
1649 11
1650 1
1651 3
1652 1
1653 3
1654 1
1655 3
1656 9
1657 25
1658 5
1659 6
1660 1
1661 2
1662 2
1663 38
1664 5
1665 13
1666 17
1667 33
1668 1
1669 2
1670 2
1671 1
1672 1
1673 17
1674 7
1675 3
1676 7
1677 3
1678 3
1679 29
1680 2
1681 3
1682 7
1683 3
1684 1
1685 2
1686 2
1687 1
1688 5
1689 4
1690 1
1691 7
1692 3
1693 3
1694 2
1695 3
1696 6
1697 12
1698 14
1699 3
1700 9
1701 1
1702 1
1703 1
1704 4
1705 1
1706 3
1707 7
1708 11
1709 4
1710 2
1711 2
1712 2
1713 2
1714 3
1715 6
1716 2
1717 3
1718 7
1719 3
1720 3
1721 3
1722 3
1723 20
1724 1
1725 5
1726 2
1727 2
1728 1
1729 8
1730 1
1731 17
1732 11
1733 3
1734 11
1735 4
1736 7
1737 3
1738 19
1739 39
1740 3
1741 10
1742 29
1743 13
1744 5
1745 1
1746 23
1747 8
1748 8
1749 1
1750 9
1751 12
1752 59
1753 2
1754 35
1755 4
1756 44
1757 41
1758 3
1759 2
1760 21
1761 26
1762 12
1763 3
1764 14
1765 28
1766 23
1767 1
1768 1
1769 3
1770 2
1771 4
1772 20
1773 2
1774 13
1775 12
1776 9
1777 1
1778 1
1779 1
1780 6
1781 5
1782 32
1783 3
1784 4
1785 30
1786 4
1787 1
1788 2
1789 1
1790 1
1791 1
1792 2
1793 2
1794 6
1795 1
1796 1
1797 37
1798 4
1799 22
1800 2
1801 11
1802 9
1803 2
1804 1
1805 2
1806 3
1807 1
1808 4
1809 5
1810 5
1811 7
1812 8
1813 10
1814 5
1815 12
1816 5
1817 4
1818 3
1819 5
1820 24
1821 11
1822 12
1823 4
1824 1
1825 2
1826 1
1827 1
1828 1
1829 1
1830 5
1831 1
1832 3
1833 1
1834 1
1835 18
1836 10
1837 19
1838 3
1839 1
1840 3
1841 1
1842 3
1843 3
1844 1
1845 1
1846 7
1847 15
1848 7
1849 1
1850 8
1851 3
1852 3
1853 18
1854 5
1855 6
1856 1
1857 2
1858 2
1859 1
1860 1
1861 3
1862 11
1863 3
1864 5
1865 28
1866 1
1867 4
1868 8
1869 4
1870 3
1871 2
1872 3
1873 3
1874 3
1875 18
1876 1
1877 5
1878 5
1879 11
1880 15
1881 3
1882 3
1883 2
1884 4
1885 3
1886 5
1887 3
1888 17
1889 4
1890 35
1891 6
1892 15
1893 36
1894 8
1895 4
1896 2
1897 4
1898 12
1899 1
1900 4
1901 2
1902 6
1903 6
1904 6
1905 6
1906 2
1907 15
1908 3
1909 4
1910 7
1911 2
1912 3
1913 7
1914 4
1915 4
1916 2
1917 2
1918 5
1919 18
1920 8
1921 59
1922 6
1923 10
1924 56
1925 5
1926 24
1927 5
1928 30
1929 35
1930 3
1931 13
1932 34
1933 39
1934 28
1935 1
1936 3
1937 8
1938 5
1939 5
1940 2
1941 2
1942 2
1943 2
1944 6
1945 3
1946 23
1947 8
1948 7
1949 3
1950 2
1951 3
1952 6
1953 74
1954 2
1955 23
1956 1
1957 4
1958 2
1959 4
1960 2
1961 22
1962 10
1963 4
1964 7
1965 7
1966 2
1967 3
1968 12
1969 5
1970 3
1971 1
1972 5
1973 2
1974 3
1975 6
1976 11
1977 1
1978 8
1979 5
1980 17
1981 1
1982 26
1983 6
1984 2
1985 1
1986 48
1987 79
1988 4
1989 11
1990 4
1991 31
1992 73
1993 9
1994 14
1995 6
1996 11
1997 2
1998 2
1999 4
2000 3
2001 5
2002 7
2003 5
2004 3
2005 7
2006 2
2007 3
2008 7
2009 2
2010 16
2011 4
2012 5
2013 6
2014 3
2015 30
2016 10
2017 22
2018 3
2019 5
2020 45
2021 5
2022 3
2023 18
2024 3
2025 2
2026 11
2027 5
2028 25
2029 4
2030 22
2031 5
2032 3
2033 27
2034 3
2035 5
2036 9
2037 8
2038 8
2039 7
2040 1
2041 1
2042 12
2043 2
2044 3
2045 5
2046 4
2047 3
2048 2
2049 2
2050 18
2051 3
2052 2
2053 6
2054 9
2055 5
2056 1
2057 15
2058 3
2059 3
2060 25
2061 1
2062 29
2063 3
2064 6
2065 2
2066 86
2067 4
2068 3
2069 27
2070 29
2071 2
2072 54
2073 2
2074 8
2075 6
2076 37
2077 4
2078 5
2079 67
2080 1
2081 6
2082 2
2083 5
2084 3
2085 2
2086 2
2087 3
2088 4
2089 36
2090 7
2091 3
2092 26
2093 11
2094 2
2095 1
2096 17
2097 3
2098 3
2099 3
2100 9
2101 17
2102 1
2103 21
2104 13
2105 2
2106 2
2107 2
2108 22
2109 8
2110 14
2111 8
2112 100
2113 7
2114 26
2115 2
2116 1
2117 9
2118 4
2119 1
2120 2
2121 1
2122 8
2123 28
2124 6
2125 21
2126 23
2127 5
2128 27
2129 50
2130 4
2131 6
2132 1
2133 5
2134 17
2135 95
2136 8
2137 5
2138 3
2139 2
2140 11
2141 1
2142 3
2143 5
2144 6
2145 10
2146 5
2147 1
2148 11
2149 4
2150 4
2151 5
2152 1
2153 4
2154 5
2155 5
2156 3
2157 6
2158 4
2159 1
2160 2
2161 3
2162 1
2163 1
2164 2
2165 1
2166 3
2167 10
2168 5
2169 2
2170 5
2171 10
2172 16
2173 6
2174 10
2175 11
2176 3
2177 1
2178 6
2179 2
2180 7
2181 3
2182 2
2183 2
2184 5
2185 2
2186 3
2187 2
2188 1
2189 1
2190 3
2191 4
2192 3
2193 3
2194 7
2195 4
2196 3
2197 22
2198 2
2199 9
2200 67
2201 5
2202 7
2203 5
2204 16
2205 9
2206 66
2207 5
2208 36
2209 16
2210 16
2211 3
2212 14
2213 7
2214 20
2215 2
2216 23
2217 50
2218 1
2219 2
2220 4
2221 1
2222 2
2223 1
2224 2
2225 13
2226 5
2227 3
2228 17
2229 8
2230 5
2231 5
2232 7
2233 2
2234 10
2235 5
2236 14
2237 5
2238 25
2239 2
2240 8
2241 40
2242 44
2243 4
2244 26
2245 44
2246 10
2247 1
2248 1
2249 1
2250 1
2251 1
2252 3
2253 24
2254 13
2255 6
2256 1
2257 9
2258 4
2259 1
2260 1
2261 3
2262 2
2263 4
2264 3
2265 10
2266 1
2267 1
2268 4
2269 2
2270 54
2271 30
2272 2
2273 40
2274 81
2275 15
2276 45
2277 9
2278 13
2279 3
2280 1
2281 4
2282 52
2283 22
2284 19
2285 7
2286 1
2287 21
2288 5
2289 2
2290 3
2291 3
2292 9
2293 7
2294 7
2295 2
2296 25
2297 3
2298 3
2299 2
2300 2
2301 2
2302 1
2303 14
2304 45
2305 3
2306 5
2307 3
2308 21
2309 8
2310 8
2311 3
2312 22
2313 9
2314 18
2315 3
2316 8
2317 5
2318 5
2319 1
2320 6
2321 7
2322 3
2323 3
2324 15
2325 3
2326 4
2327 4
2328 4
2329 8
2330 10
2331 5
2332 7
2333 4
2334 6
2335 9
2336 9
2337 14
2338 7
2339 4
2340 13
2341 5
2342 5
2343 6
2344 2
2345 6
2346 4
2347 1
2348 5
2349 1
2350 3
2351 3
2352 3
2353 3
2354 3
2355 3
2356 2
2357 3
2358 1
2359 4
2360 3
2361 1
2362 40
2363 8
2364 23
2365 5
2366 3
2367 2
2368 4
2369 2
2370 1
2371 1
2372 36
2373 33
2374 9
2375 85
2376 3
2377 3
2378 6
2379 18
2380 56
2381 9
2382 8
2383 2
2384 5
2385 11
2386 12
2387 42
2388 6
2389 4
2390 4
2391 5
2392 2
2393 36
2394 3
2395 7
2396 5
2397 7
2398 10
2399 7
2400 3
2401 26
2402 2
2403 5
2404 4
2405 19
2406 8
2407 10
2408 4
2409 55
2410 28
2411 4
2412 15
2413 16
2414 1
2415 4
2416 1
2417 4
2418 75
2419 3
2420 4
2421 22
2422 1
2423 4
2424 9
2425 3
2426 2
2427 1
2428 3
2429 4
2430 4
2431 6
2432 8
2433 2
2434 9
2435 2
2436 15
2437 5
2438 1
2439 19
2440 3
2441 5
2442 3
2443 4
2444 27
2445 15
2446 4
2447 15
2448 3
2449 9
2450 6
2451 5
2452 1
2453 1
2454 1
2455 1
2456 4
2457 4
2458 2
2459 5
2460 5
2461 3
2462 5
2463 5
2464 29
2465 33
2466 3
2467 12
2468 16
2469 7
2470 3
2471 1
2472 6
2473 1
2474 2
2475 5
2476 4
2477 2
2478 2
2479 2
2480 4
2481 20
2482 6
2483 12
2484 3
2485 12
2486 4
2487 2
2488 2
2489 1
2490 2
2491 2
2492 3
2493 24
2494 9
2495 1
2496 1
2497 3
2498 8
2499 12
2500 3
2501 2
2502 2
2503 13
2504 4
2505 2
2506 4
2507 6
2508 4
2509 1
2510 4
2511 4
2512 1
2513 5
2514 1
2515 22
2516 3
2517 5
2518 1
2519 4
2520 3
2521 2
2522 2
2523 5
2524 3
2525 1
2526 1
2527 1
2528 2
2529 1
2530 3
2531 2
2532 2
2533 7
2534 3
2535 2
2536 3
2537 3
2538 5
2539 1
2540 2
2541 2
2542 2
2543 8
2544 2
2545 9
2546 1
2547 2
2548 3
2549 1
2550 4
2551 10
2552 2
2553 9
2554 3
2555 3
2556 4
2557 2
2558 54
2559 18
2560 1
2561 1
2562 2
2563 8
2564 1
2565 2
2566 6
2567 4
2568 5
2569 4
2570 5
2571 5
2572 5
2573 4
2574 3
2575 1
2576 6
2577 2
2578 2
2579 2
2580 3
2581 3
2582 7
2583 9
2584 2
2585 2
2586 1
2587 1
2588 46
2589 11
2590 3
2591 75
2592 2
2593 2
2594 4
2595 1
2596 6
2597 2
2598 4
2599 1
2600 13
2601 2
2602 1
2603 1
2604 1
2605 2
2606 1
2607 1
2608 3
2609 1
2610 1
2611 2
2612 6
2613 22
2614 1
2615 8
2616 1
2617 1
2618 2
2619 22
2620 3
2621 25
2622 3
2623 2
2624 3
2625 6
2626 7
2627 112
2628 5
2629 4
2630 4
2631 70
2632 8
2633 4
2634 25
2635 11
2636 1
2637 9
2638 4
2639 37
2640 20
2641 2
2642 20
2643 12
2644 19
2645 4
2646 5
2647 1
2648 2
2649 3
2650 4
2651 54
2652 6
2653 2
2654 11
2655 7
2656 13
2657 4
2658 3
2659 2
2660 6
2661 3
2662 2
2663 1
2664 4
2665 1
2666 47
2667 61
2668 1
2669 1
2670 4
2671 2
2672 1
2673 29
2674 12
2675 8
2676 7
2677 4
2678 10
2679 3
2680 4
2681 3
2682 2
2683 7
2684 3
2685 1
2686 5
2687 3
2688 1
2689 1
2690 2
2691 4
2692 16
2693 11
2694 3
2695 5
2696 32
2697 6
2698 8
2699 4
2700 1
2701 8
2702 2
2703 4
2704 2
2705 5
2706 8
2707 7
2708 7
2709 6
2710 2
2711 1
2712 15
2713 11
2714 2
2715 5
2716 7
2717 9
2718 1
2719 2
2720 1
2721 3
2722 6
2723 33
2724 3
2725 10
2726 1
2727 1
2728 20
2729 3
2730 31
2731 59
2732 9
2733 9
2734 5
2735 6
2736 1
2737 33
2738 2
2739 15
2740 3
2741 1
2742 3
2743 2
2744 38
2745 3
2746 9
2747 5
2748 2
2749 3
2750 2
2751 6
2752 7
2753 2
2754 9
2755 6
2756 4
2757 1
2758 3
2759 1
2760 6
2761 2
2762 1
2763 5
2764 7
2765 2
2766 3
2767 2
2768 3
2769 3
2770 20
2771 27
2772 18
2773 2
2774 13
2775 3
2776 2
2777 6
2778 6
2779 1
2780 9
2781 3
2782 1
2783 4
2784 1
2785 2
2786 3
2787 4
2788 3
2789 29
2790 14
2791 35
2792 13
2793 2
2794 6
2795 7
2796 3
2797 3
2798 1
2799 1
2800 2
2801 1
2802 1
2803 15
2804 10
2805 19
2806 3
2807 3
2808 6
2809 12
2810 4
2811 2
2812 35
2813 3
2814 1
2815 5
2816 28
2817 4
2818 1
2819 22
2820 24
2821 5
2822 5
2823 2
2824 7
2825 2
2826 1
2827 6
2828 9
2829 14
2830 2
2831 7
2832 9
2833 30
2834 8
2835 3
2836 1
2837 2
2838 7
2839 5
2840 49
2841 62
2842 37
2843 18
2844 3
2845 42
2846 16
2847 3
2848 18
2849 4
2850 35
2851 8
2852 31
2853 3
2854 4
2855 9
2856 2
2857 3
2858 19
2859 5
2860 2
2861 6
2862 27
2863 8
2864 38
2865 40
2866 2
2867 3
2868 4
2869 21
2870 3
2871 11
2872 16
2873 25
2874 3
2875 6
2876 7
2877 9
2878 2
2879 9
2880 42
2881 27
2882 7
2883 3
2884 11
2885 21
2886 2
2887 4
2888 2
2889 1
2890 7
2891 23
2892 3
2893 37
2894 5
2895 2
2896 14
2897 54
2898 7
2899 4
2900 3
2901 5
2902 1
2903 11
2904 5
2905 3
2906 8
2907 3
2908 3
2909 4
2910 3
2911 1
2912 8
2913 1
2914 1
2915 2
2916 2
2917 1
2918 13
2919 25
2920 6
2921 4
2922 4
2923 2
2924 2
2925 3
2926 2
2927 2
2928 1
2929 1
2930 2
2931 4
2932 1
2933 10
2934 6
2935 4
2936 2
2937 2
2938 1
2939 2
2940 1
2941 7
2942 1
2943 3
2944 4
2945 2
2946 2
2947 5
2948 5
2949 4
2950 2
2951 16
2952 9
2953 42
2954 5
2955 17
2956 46
2957 3
2958 3
2959 7
2960 3
2961 3
2962 2
2963 3
2964 2
2965 35
2966 1
2967 2
2968 1
2969 16
2970 24
2971 60
2972 3
2973 44
2974 4
2975 113
2976 11
2977 3
2978 7
2979 2
2980 2
2981 12
2982 3
2983 5
2984 15
2985 3
2986 46
2987 10
2988 14
2989 17
2990 3
2991 1
2992 7
2993 2
2994 1
2995 2
2996 1
2997 1
2998 1
2999 7
3000 20
3001 5
3002 15
3003 7
3004 2
3005 18
3006 6
3007 2
3008 1
3009 9
3010 4
3011 4
3012 3
3013 1
3014 5
3015 42
3016 1
3017 5
3018 22
3019 4
3020 7
3021 3
3022 14
3023 6
3024 46
3025 7
3026 11
3027 3
3028 2
3029 1
3030 42
3031 4
3032 2
3033 1
3034 7
3035 2
3036 7
3037 2
3038 3
3039 18
3040 7
3041 3
3042 4
3043 4
3044 3
3045 2
3046 1
3047 27
3048 10
3049 10
3050 8
3051 3
3052 6
3053 19
3054 3
3055 7
3056 2
3057 3
3058 5
3059 3
3060 3
3061 8
3062 32
3063 40
3064 21
3065 7
3066 54
3067 3
3068 11
3069 4
3070 3
3071 1
3072 3
3073 1
3074 1
3075 2
3076 3
3077 1
3078 2
3079 11
3080 6
3081 3
3082 6
3083 1
3084 2
3085 12
3086 6
3087 2
3088 3
3089 1
3090 51
3091 6
3092 3
3093 3
3094 8
3095 1
3096 5
3097 17
3098 13
3099 6
3100 4
3101 1
3102 26
3103 2
3104 15
3105 7
3106 3
3107 6
3108 8
3109 1
3110 25
3111 59
3112 9
3113 8
3114 25
3115 4
3116 1
3117 6
3118 7
3119 5
3120 1
3121 16
3122 5
3123 3
3124 14
3125 50
3126 1
3127 6
3128 4
3129 5
3130 2
3131 4
3132 3
3133 1
3134 1
3135 6
3136 2
3137 2
3138 1
3139 1
3140 1
3141 98
3142 15
3143 7
3144 2
3145 1
3146 1
3147 11
3148 1
3149 2
3150 8
3151 10
3152 34
3153 1
3154 10
3155 37
3156 1
3157 2
3158 23
3159 92
3160 4
3161 6
3162 3
3163 2
3164 1
3165 1
3166 4
3167 22
3168 3
3169 3
3170 3
3171 43
3172 3
3173 3
3174 2
3175 22
3176 3
3177 2
3178 29
3179 11
3180 3
3181 1
3182 3
3183 5
3184 3
3185 3
3186 4
3187 3
3188 3
3189 38
3190 8
3191 1
3192 3
3193 1
3194 1
3195 1
3196 1
3197 12
3198 2
3199 3
3200 6
3201 6
3202 2
3203 5
3204 3
3205 3
3206 4
3207 2
3208 11
3209 9
3210 3
3211 4
3212 1
3213 4
3214 15
3215 3
3216 4
3217 3
3218 5
3219 11
3220 1
3221 2
3222 1
3223 6
3224 2
3225 4
3226 3
3227 2
3228 2
3229 2
3230 2
3231 16
3232 7
3233 5
3234 8
3235 19
3236 2
3237 3
3238 3
3239 2
3240 4
3241 3
3242 4
3243 2
3244 7
3245 9
3246 1
3247 3
3248 3
3249 5
3250 2
3251 2
3252 3
3253 1
3254 6
3255 1
3256 1
3257 3
3258 4
3259 1
3260 2
3261 6
3262 3
3263 4
3264 7
3265 4
3266 4
3267 3
3268 5
3269 3
3270 71
3271 1
3272 4
3273 5
3274 1
3275 5
3276 3
3277 4
3278 3
3279 1
3280 3
3281 3
3282 6
3283 7
3284 1
3285 49
3286 8
3287 1
3288 1
3289 3
3290 2
3291 6
3292 1
3293 7
3294 23
3295 4
3296 7
3297 4
3298 2
3299 2
3300 1
3301 1
3302 2
3303 41
3304 1
3305 5
3306 1
3307 1
3308 1
3309 47
3310 29
3311 4
3312 4
3313 2
3314 1
3315 1
3316 118
3317 3
3318 5
3319 1
3320 4
3321 23
3322 6
3323 17
3324 2
3325 2
3326 2
3327 2
3328 4
3329 6
3330 18
3331 4
3332 39
3333 11
3334 40
3335 13
3336 2
3337 1
3338 3
3339 5
3340 1
3341 3
3342 1
3343 9
3344 3
3345 5
3346 19
3347 4
3348 14
3349 2
3350 16
3351 4
3352 5
3353 4
3354 5
3355 9
3356 4
3357 4
3358 3
3359 2
3360 10
3361 4
3362 2
3363 3
3364 2
3365 6
3366 1
3367 3
3368 2
3369 1
3370 1
3371 1
3372 1
3373 1
3374 5
3375 3
3376 19
3377 3
3378 7
3379 1
3380 5
3381 2
3382 2
3383 15
3384 7
3385 50
3386 16
3387 56
3388 2
3389 8
3390 22
3391 6
3392 36
3393 30
3394 11
3395 5
3396 1
3397 19
3398 5
3399 34
3400 8
3401 4
3402 6
3403 9
3404 2
3405 2
3406 4
3407 1
3408 3
3409 4
3410 3
3411 1
3412 1
3413 1
3414 3
3415 5
3416 5
3417 12
3418 6
3419 2
3420 9
3421 3
3422 2
3423 50
3424 4
3425 1
3426 10
3427 2
3428 1
3429 1
3430 8
3431 5
3432 2
3433 2
3434 1
3435 3
3436 3
3437 2
3438 3
3439 12
3440 8
3441 28
3442 5
3443 37
3444 8
3445 3
3446 4
3447 1
3448 2
3449 9
3450 5
3451 8
3452 6
3453 5
3454 2
3455 1
3456 3
3457 5
3458 1
3459 4
3460 2
3461 1
3462 1
3463 2
3464 12
3465 4
3466 11
3467 3
3468 4
3469 6
3470 16
3471 4
3472 14
3473 1
3474 6
3475 17
3476 13
3477 3
3478 10
3479 3
3480 4
3481 5
3482 3
3483 2
3484 3
3485 4
3486 4
3487 9
3488 2
3489 1
3490 14
3491 3
3492 3
3493 2
3494 6
3495 2
3496 2
3497 3
3498 7
3499 5
3500 12
3501 5
3502 11
3503 5
3504 3
3505 2
3506 1
3507 1
3508 1
3509 4
3510 2
3511 7
3512 8
3513 5
3514 3
3515 66
3516 9
3517 34
3518 32
3519 13
3520 10
3521 9
3522 11
3523 26
3524 1
3525 1
3526 1
3527 2
3528 12
3529 12
3530 4
3531 30
3532 9
3533 5
3534 10
3535 16
3536 4
3537 9
3538 6
3539 1
3540 2
3541 3
3542 3
3543 2
3544 6
3545 4
3546 48
3547 5
3548 1
3549 2
3550 3
3551 10
3552 3
3553 2
3554 2
3555 2
3556 2
3557 9
3558 2
3559 2
3560 1
3561 3
3562 2
3563 4
3564 11
3565 4
3566 3
3567 30
3568 7
3569 79
3570 3
3571 3
3572 2
3573 1
3574 1
3575 32
3576 6
3577 1
3578 1
3579 12
3580 4
3581 3
3582 3
3583 5
3584 6
3585 6
3586 1
3587 3
3588 1
3589 2
3590 30
3591 2
3592 6
3593 5
3594 3
3595 3
3596 8
3597 1
3598 11
3599 5
3600 17
3601 3
3602 3
3603 4
3604 1
3605 8
3606 6
3607 3
3608 4
3609 17
3610 10
3611 29
3612 14
3613 34
3614 11
3615 9
3616 3
3617 16
3618 3
3619 11
3620 2
3621 1
3622 2
3623 15
3624 4
3625 6
3626 3
3627 3
3628 1
3629 2
3630 2
3631 2
3632 2
3633 1
3634 1
3635 1
3636 7
3637 3
3638 28
3639 3
3640 2
3641 13
3642 6
3643 29
3644 3
3645 4
3646 7
3647 3
3648 2
3649 2
3650 7
3651 2
3652 15
3653 3
3654 17
3655 6
3656 1
3657 4
3658 6
3659 10
3660 2
3661 4
3662 8
3663 3
3664 7
3665 2
3666 1
3667 2
3668 15
3669 1
3670 6
3671 1
3672 5
3673 7
3674 30
3675 1
3676 3
3677 26
3678 8
3679 10
3680 3
3681 8
3682 9
3683 1
3684 2
3685 1
3686 47
3687 1
3688 1
3689 3
3690 5
3691 2
3692 6
3693 2
3694 8
3695 23
3696 13
3697 11
3698 11
3699 13
3700 4
3701 6
3702 7
3703 32
3704 17
3705 9
3706 9
3707 23
3708 6
3709 3
3710 2
3711 108
3712 4
3713 2
3714 4
3715 41
3716 15
3717 11
3718 1
3719 3
3720 1
3721 1
3722 1
3723 4
3724 1
3725 2
3726 2
3727 1
3728 4
3729 2
3730 3
3731 3
3732 2
3733 33
3734 3
3735 1
3736 13
3737 11
3738 11
3739 3
3740 55
3741 42
3742 4
3743 4
3744 20
3745 66
3746 3
3747 1
3748 30
3749 2
3750 12
3751 3
3752 4
3753 1
3754 5
3755 3
3756 3
3757 82
3758 2
3759 26
3760 5
3761 32
3762 10
3763 11
3764 27
3765 2
3766 43
3767 6
3768 3
3769 2
3770 23
3771 3
3772 3
3773 8
3774 3
3775 3
3776 2
3777 1
3778 1
3779 64
3780 17
3781 17
3782 3
3783 19
3784 4
3785 30
3786 24
3787 11
3788 8
3789 15
3790 112
3791 3
3792 3
3793 16
3794 16
3795 68
3796 16
3797 6
3798 3
3799 4
3800 3
3801 11
3802 33
3803 4
3804 4
3805 6
3806 5
3807 3
3808 2
3809 1
3810 3
3811 2
3812 10
3813 8
3814 4
3815 4
3816 9
3817 6
3818 2
3819 1
3820 3
3821 3
3822 3
3823 9
3824 3
3825 2
3826 1
3827 4
3828 1
3829 1
3830 3
3831 10
3832 4
3833 32
3834 4
3835 6
3836 4
3837 13
3838 5
3839 41
3840 20
3841 1
3842 3
3843 1
3844 16
3845 10
3846 7
3847 2
3848 9
3849 2
3850 13
3851 9
3852 5
3853 33
3854 6
3855 10
3856 4
3857 15
3858 27
3859 10
3860 3
3861 2
3862 6
3863 3
3864 4
3865 5
3866 66
3867 16
3868 3
3869 62
3870 6
3871 2
3872 6
3873 69
3874 30
3875 4
3876 12
3877 1
3878 10
3879 4
3880 41
3881 30
3882 4
3883 3
3884 18
3885 25
3886 4
3887 6
3888 3
3889 1
3890 15
3891 1
3892 16
3893 12
3894 9
3895 17
3896 4
3897 10
3898 11
3899 25
3900 12
3901 8
3902 11
3903 2
3904 1
3905 1
3906 2
3907 3
3908 1
3909 10
3910 33
3911 31
3912 13
3913 14
3914 35
3915 12
3916 27
3917 12
3918 1
3919 5
3920 16
3921 22
3922 10
3923 7
3924 7
3925 19
3926 5
3927 13
3928 6
3929 9
3930 5
3931 18
3932 15
3933 7
3934 54
3935 4
3936 70
3937 5
3938 31
3939 44
3940 15
3941 3
3942 2
3943 1
3944 12
3945 1
3946 4
3947 10
3948 3
3949 5
3950 1
3951 4
3952 1
3953 1
3954 1
3955 1
3956 44
3957 10
3958 9
3959 3
3960 11
3961 4
3962 2
3963 36
3964 3
3965 12
3966 3
3967 2
3968 2
3969 4
3970 3
3971 4
3972 2
3973 7
3974 11
3975 4
3976 3
3977 4
3978 5
3979 5
3980 8
3981 3
3982 4
3983 3
3984 3
3985 55
3986 5
3987 3
3988 4
3989 26
3990 2
3991 7
3992 2
3993 2
3994 4
3995 36
3996 8
3997 3
3998 7
3999 2
4000 2
4001 1
4002 4
4003 8
4004 8
4005 8
4006 5
4007 2
4008 4
4009 11
4010 1
4011 15
4012 1
4013 2
4014 6
4015 8
4016 2
4017 10
4018 9
4019 5
4020 3
4021 19
4022 1
4023 16
4024 10
4025 6
4026 3
4027 1
4028 39
4029 3
4030 6
4031 3
4032 22
4033 8
4034 5
4035 1
4036 5
4037 4
4038 5
4039 4
4040 1
4041 1
4042 1
4043 29
4044 3
4045 3
4046 5
4047 74
4048 3
4049 3
4050 2
4051 4
4052 17
4053 2
4054 2
4055 80
4056 3
4057 1
4058 53
4059 9
4060 3
4061 2
4062 5
4063 3
4064 5
4065 7
4066 6
4067 2
4068 1
4069 3
4070 2
4071 2
4072 2
4073 11
4074 6
4075 8
4076 6
4077 1
4078 1
4079 5
4080 3
4081 3
4082 2
4083 2
4084 2
4085 7
4086 3
4087 1
4088 1
4089 4
4090 29
4091 3
4092 6
4093 20
4094 3
4095 8
4096 1
4097 3
4098 47
4099 12
4100 6
4101 13
4102 2
4103 9
4104 2
4105 1
4106 1
4107 3
4108 3
4109 11
4110 29
4111 9
4112 17
4113 4
4114 2
4115 5
4116 6
4117 4
4118 4
4119 14
4120 4
4121 2
4122 11
4123 12
4124 1
4125 2
4126 102
4127 3
4128 3
4129 12
4130 2
4131 4
4132 8
4133 4
4134 5
4135 5
4136 15
4137 2
4138 1
4139 2
4140 3
4141 5
4142 13
4143 12
4144 14
4145 2
4146 2
4147 2
4148 46
4149 56
4150 4
4151 13
4152 2
4153 76
4154 33
4155 22
4156 3
4157 6
4158 12
4159 5
4160 8
4161 3
4162 2
4163 4
4164 2
4165 3
4166 3
4167 5
4168 2
4169 4
4170 3
4171 4
4172 6
4173 1
4174 122
4175 2
4176 2
4177 4
4178 36
4179 5
4180 6
4181 5
4182 37
4183 2
4184 5
4185 22
4186 1
4187 2
4188 4
4189 2
4190 5
4191 1
4192 1
4193 3
4194 1
4195 2
4196 7
4197 11
4198 1
4199 3
4200 2
4201 9
4202 1
4203 1
4204 2
4205 1
4206 4
4207 1
4208 1
4209 3
4210 1
4211 1
4212 1
4213 1
4214 1
4215 1
4216 1
4217 1
4218 1
4219 1
4220 1
4221 1
4222 9
4223 1
4224 67
4225 3
4226 34
4227 28
4228 11
4229 24
4230 3
4231 4
4232 25
4233 18
4234 3
4235 33
4236 2
4237 3
4238 106
4239 5
4240 19
4241 32
4242 38
4243 49
4244 9
4245 2
4246 3
4247 125
4248 12
4249 5
4250 4
4251 3
4252 3
4253 3
4254 13
4255 4
4256 1
4257 3
4258 2
4259 21
4260 7
4261 3
4262 4
4263 3
4264 81
4265 1
4266 13
4267 27
4268 2
4269 5
4270 6
4271 4
4272 8
4273 17
4274 3
4275 2
4276 11
4277 4
4278 33
4279 8
4280 2
4281 25
4282 3
4283 33
4284 8
4285 51
4286 7
4287 17
4288 5
4289 1
4290 5
4291 2
4292 5
4293 3
4294 10
4295 9
4296 1
4297 3
4298 2
4299 3
4300 17
4301 3
4302 3
4303 3
4304 74
4305 8
4306 18
4307 17
4308 63
4309 27
4310 2
4311 1
4312 3
4313 4
4314 4
4315 1
4316 3
4317 5
4318 3
4319 10
4320 4
4321 3
4322 5
4323 52
4324 3
4325 16
4326 12
4327 1
4328 1
4329 4
4330 4
4331 6
4332 1
4333 12
4334 4
4335 8
4336 3
4337 3
4338 1
4339 16
4340 23
4341 1
4342 2
4343 1
4344 11
4345 1
4346 20
4347 3
4348 1
4349 1
4350 4
4351 5
4352 21
4353 6
4354 53
4355 2
4356 9
4357 3
4358 28
4359 35
4360 1
4361 2
4362 1
4363 1
4364 6
4365 6
4366 4
4367 2
4368 1
4369 125
4370 3
4371 8
4372 3
4373 1
4374 3
4375 1
4376 1
4377 1
4378 9
4379 3
4380 2
4381 2
4382 3
4383 6
4384 3
4385 3
4386 33
4387 2
4388 19
4389 2
4390 11
4391 66
4392 16
4393 6
4394 24
4395 2
4396 4
4397 7
4398 33
4399 15
4400 8
4401 16
4402 6
4403 4
4404 7
4405 75
4406 6
4407 4
4408 49
4409 3
4410 1
4411 4
4412 73
4413 8
4414 5
4415 1
4416 1
4417 5
4418 17
4419 1
4420 1
4421 30
4422 2
4423 3
4424 4
4425 3
4426 14
4427 7
4428 4
4429 1
4430 1
4431 3
4432 9
4433 4
4434 2
4435 3
4436 3
4437 3
4438 10
4439 11
4440 1
4441 1
4442 3
4443 7
4444 1
4445 3
4446 1
4447 1
4448 4
4449 1
4450 3
4451 4
4452 3
4453 1
4454 5
4455 17
4456 2
4457 2
4458 1
4459 1
4460 4
4461 2
4462 3
4463 3
4464 16
4465 11
4466 3
4467 14
4468 3
4469 68
4470 2
4471 5
4472 1
4473 10
4474 3
4475 7
4476 20
4477 2
4478 43
4479 5
4480 36
4481 37
4482 5
4483 23
4484 18
4485 26
4486 12
4487 17
4488 2
4489 14
4490 1
4491 1
4492 3
4493 3
4494 4
4495 1
4496 6
4497 4
4498 3
4499 3
4500 2
4501 16
4502 2
4503 2
4504 3
4505 2
4506 16
4507 2
4508 1
4509 5
4510 6
4511 12
4512 4
4513 1
4514 3
4515 2
4516 2
4517 4
4518 1
4519 3
4520 1
4521 5
4522 69
4523 3
4524 20
4525 16
4526 3
4527 1
4528 3
4529 8
4530 4
4531 5
4532 6
4533 2
4534 3
4535 6
4536 1
4537 4
4538 2
4539 1
4540 1
4541 3
4542 59
4543 1
4544 95
4545 4
4546 49
4547 22
4548 6
4549 2
4550 1
4551 7
4552 3
4553 2
4554 24
4555 3
4556 3
4557 1
4558 2
4559 3
4560 6
4561 1
4562 1
4563 29
4564 27
4565 2
4566 1
4567 5
4568 2
4569 6
4570 4
4571 15
4572 17
4573 10
4574 5
4575 3
4576 1
4577 1
4578 67
4579 1
4580 4
4581 1
4582 4
4583 3
4584 3
4585 1
4586 4
4587 1
4588 20
4589 2
4590 4
4591 1
4592 6
4593 3
4594 3
4595 3
4596 2
4597 1
4598 1
4599 1
4600 23
4601 4
4602 3
4603 2
4604 3
4605 10
4606 1
4607 2
4608 3
4609 2
4610 12
4611 4
4612 9
4613 6
4614 5
4615 1
4616 15
4617 8
4618 3
4619 34
4620 25
4621 6
4622 1
4623 2
4624 6
4625 4
4626 37
4627 3
4628 4
4629 1
4630 8
4631 6
4632 3
4633 1
4634 1
4635 2
4636 17
4637 6
4638 4
4639 24
4640 12
4641 5
4642 9
4643 2
4644 9
4645 3
4646 3
4647 3
4648 4
4649 1
4650 28
4651 29
4652 5
4653 10
4654 8
4655 5
4656 1
4657 7
4658 2
4659 2
4660 12
4661 2
4662 1
4663 3
4664 6
4665 5
4666 2
4667 2
4668 1
4669 3
4670 2
4671 1
4672 2
4673 1
4674 2
4675 10
4676 2
4677 3
4678 2
4679 31
4680 1
4681 1
4682 1
4683 9
4684 7
4685 1
4686 1
4687 6
4688 21
4689 2
4690 3
4691 7
4692 3
4693 3
4694 4
4695 3
4696 2
4697 1
4698 7
4699 40
4700 9
4701 8
4702 6
4703 1
4704 12
4705 4
4706 4
4707 4
4708 1
4709 9
4710 1
4711 1
4712 11
4713 3
4714 5
4715 4
4716 2
4717 11
4718 11
4719 7
4720 1
4721 1
4722 9
4723 4
4724 2
4725 1
4726 6
4727 2
4728 1
4729 2
4730 4
4731 2
4732 21
4733 1
4734 48
4735 2
4736 4
4737 7
4738 4
4739 2
4740 1
4741 1
4742 1
4743 49
4744 1
4745 6
4746 1
4747 1
4748 3
4749 2
4750 1
4751 2
4752 3
4753 2
4754 3
4755 3
4756 4
4757 2
4758 17
4759 13
4760 7
4761 1
4762 1
4763 1
4764 10
4765 4
4766 3
4767 2
4768 1
4769 1
4770 1
4771 65
4772 5
4773 8
4774 26
4775 14
4776 5
4777 17
4778 5
4779 1
4780 2
4781 2
4782 2
4783 3
4784 2
4785 4
4786 2
4787 2
4788 5
4789 2
4790 3
4791 8
4792 2
4793 7
4794 3
4795 10
4796 2
4797 5
4798 3
4799 4
4800 2
4801 3
4802 26
4803 4
4804 7
4805 2
4806 1
4807 1
4808 1
4809 1
4810 3
4811 2
4812 2
4813 1
4814 4
4815 2
4816 1
4817 6
4818 121
4819 3
4820 1
4821 1
4822 6
4823 3
4824 1
4825 2
4826 1
4827 1
4828 1
4829 2
4830 124
4831 4
4832 1
4833 31
4834 2
4835 3
4836 4
4837 1
4838 1
4839 1
4840 1
4841 2
4842 61
4843 3
4844 8
4845 23
4846 2
4847 4
4848 1
4849 2
4850 3
4851 4
4852 1
4853 3
4854 1
4855 2
4856 2
4857 3
4858 12
4859 2
4860 1
4861 6
4862 6
4863 2
4864 2
4865 5
4866 11
4867 7
4868 1
4869 1
4870 3
4871 1
4872 5
4873 3
4874 6
4875 4
4876 1
4877 2
4878 2
4879 9
4880 3
4881 54
4882 3
4883 14
4884 15
4885 1
4886 42
4887 3
4888 1
4889 2
4890 5
4891 24
4892 5
4893 79
4894 13
4895 5
4896 2
4897 3
4898 8
4899 1
4900 3
4901 17
4902 6
4903 3
4904 1
4905 2
4906 1
4907 1
4908 1
4909 1
4910 1
4911 1
4912 5
4913 5
4914 1
4915 3
4916 15
4917 6
4918 3
4919 4
4920 3
4921 3
4922 27
4923 3
4924 2
4925 4
4926 10
4927 5
4928 2
4929 5
4930 3
4931 81
4932 3
4933 14
4934 1
4935 4
4936 4
4937 4
4938 1
4939 6
4940 9
4941 66
4942 2
4943 45
4944 9
4945 4
4946 2
4947 5
4948 1
4949 33
4950 4
4951 3
4952 9
4953 2
4954 3
4955 1
4956 5
4957 7
4958 6
4959 1
4960 4
4961 3
4962 2
4963 3
4964 3
4965 3
4966 46
4967 5
4968 4
4969 2
4970 10
4971 17
4972 7
4973 4
4974 4
4975 4
4976 2
4977 2
4978 1
4979 1
4980 13
4981 11
4982 3
4983 1
4984 10
4985 9
4986 1
4987 1
4988 21
4989 1
4990 3
4991 17
4992 4
4993 1
4994 3
4995 3
4996 1
4997 6
4998 9
4999 1
5000 4
5001 2
5002 18
5003 2
5004 3
5005 6
5006 3
5007 2
5008 2
5009 9
5010 4
5011 3
5012 2
5013 2
5014 1
5015 2
5016 9
5017 4
5018 2
5019 10
5020 5
5021 4
5022 3
5023 6
5024 10
5025 1
5026 1
5027 1
5028 7
5029 7
5030 104
5031 22
5032 2
5033 3
5034 106
5035 7
5036 3
5037 1
5038 3
5039 1
5040 4
5041 3
5042 2
5043 4
5044 1
5045 7
5046 1
5047 1
5048 3
5049 3
5050 3
5051 17
5052 13
5053 2
5054 9
5055 33
5056 7
5057 18
5058 4
5059 4
5060 3
5061 2
5062 65
5063 3
5064 4
5065 3
5066 8
5067 3
5068 10
5069 6
5070 1
5071 3
5072 7
5073 2
5074 2
5075 1
5076 2
5077 2
5078 1
5079 3
5080 2
5081 6
5082 7
5083 1
5084 10
5085 14
5086 1
5087 3
5088 1
5089 3
5090 4
5091 3
5092 2
5093 2
5094 1
5095 1
5096 1
5097 10
5098 5
5099 23
5100 10
5101 4
5102 3
5103 6
5104 2
5105 2
5106 1
5107 86
5108 5
5109 1
5110 1
5111 1
5112 1
5113 1
5114 1
5115 1
5116 9
5117 3
5118 32
5119 42
5120 1
5121 1
5122 3
5123 2
5124 19
5125 1
5126 11
5127 3
5128 1
5129 5
5130 9
5131 2
5132 10
5133 3
5134 2
5135 3
5136 1
5137 1
5138 6
5139 2
5140 4
5141 2
5142 1
5143 3
5144 1
5145 11
5146 3
5147 4
5148 3
5149 3
5150 10
5151 1
5152 45
5153 3
5154 6
5155 10
5156 1
5157 16
5158 9
5159 21
5160 4
5161 29
5162 10
5163 36
5164 8
5165 2
5166 16
5167 47
5168 3
5169 30
5170 10
5171 2
5172 2
5173 3
5174 4
5175 1
5176 3
5177 1
5178 1
5179 1
5180 1
5181 6
5182 2
5183 2
5184 2
5185 3
5186 4
5187 1
5188 38
5189 14
5190 3
5191 4
5192 4
5193 6
5194 3
5195 118
5196 1
5197 5
5198 2
5199 3
5200 3
5201 5
5202 1
5203 1
5204 2
5205 7
5206 9
5207 3
5208 2
5209 3
5210 1
5211 1
5212 9
5213 3
5214 6
5215 4
5216 6
5217 2
5218 4
5219 5
5220 4
5221 6
5222 3
5223 6
5224 3
5225 3
5226 1
5227 1
5228 1
5229 3
5230 4
5231 3
5232 4
5233 17
5234 36
5235 12
5236 3
5237 8
5238 3
5239 8
5240 40
5241 8
5242 1
5243 2
5244 5
5245 2
5246 2
5247 5
5248 1
5249 1
5250 1
5251 1
5252 3
5253 3
5254 5
5255 1
5256 1
5257 3
5258 2
5259 4
5260 12
5261 25
5262 3
5263 1
5264 6
5265 3
5266 16
5267 24
5268 3
5269 20
5270 5
5271 5
5272 4
5273 1
5274 4
5275 3
5276 16
5277 2
5278 7
5279 3
5280 21
5281 7
5282 4
5283 25
5284 79
5285 8
5286 7
5287 3
5288 3
5289 3
5290 18
5291 2
5292 3
5293 2
5294 58
5295 7
5296 43
5297 5
5298 28
5299 5
5300 13
5301 30
5302 28
5303 125
5304 68
5305 2
5306 3
5307 1
5308 5
5309 5
5310 2
5311 3
5312 1
5313 3
5314 3
5315 3
5316 11
5317 3
5318 7
5319 58
5320 4
5321 30
5322 3
5323 51
5324 72
5325 3
5326 3
5327 4
5328 1
5329 2
5330 4
5331 3
5332 8
5333 4
5334 5
5335 6
5336 3
5337 11
5338 9
5339 7
5340 7
5341 4
5342 17
5343 4
5344 5
5345 27
5346 22
5347 15
5348 4
5349 20
5350 5
5351 2
5352 7
5353 3
5354 21
5355 8
5356 46
5357 2
5358 7
5359 12
5360 1
5361 4
5362 6
5363 2
5364 11
5365 3
5366 3
5367 2
5368 54
5369 20
5370 56
5371 21
5372 5
5373 3
5374 5
5375 11
5376 9
5377 2
5378 3
5379 32
5380 1
5381 1
5382 1
5383 6
5384 5
5385 1
5386 3
5387 3
5388 7
5389 5
5390 5
5391 6
5392 1
5393 9
5394 3
5395 3
5396 1
5397 4
5398 5
5399 2
5400 4
5401 2
5402 2
5403 2
5404 2
5405 2
5406 3
5407 12
5408 3
5409 19
5410 5
5411 10
5412 2
5413 3
5414 6
5415 2
5416 5
5417 3
5418 1
5419 6
5420 39
5421 12
5422 6
5423 5
5424 2
5425 38
5426 3
5427 24
5428 2
5429 9
5430 4
5431 3
5432 112
5433 3
5434 1
5435 3
5436 48
5437 4
5438 4
5439 3
5440 1
5441 11
5442 6
5443 3
5444 1
5445 2
5446 3
5447 2
5448 72
5449 19
5450 4
5451 3
5452 26
5453 6
5454 2
5455 6
5456 2
5457 26
5458 1
5459 1
5460 5
5461 3
5462 9
5463 3
5464 2
5465 1
5466 5
5467 3
5468 4
5469 4
5470 2
5471 55
5472 8
5473 11
5474 10
5475 10
5476 1
5477 3
5478 3
5479 7
5480 3
5481 2
5482 3
5483 11
5484 8
5485 7
5486 6
5487 2
5488 1
5489 10
5490 51
5491 1
5492 5
5493 32
5494 7
5495 2
5496 3
5497 56
5498 27
5499 4
5500 3
5501 4
5502 7
5503 3
5504 2
5505 3
5506 2
5507 8
5508 1
5509 7
5510 4
5511 9
5512 10
5513 5
5514 12
5515 10
5516 3
5517 4
5518 31
5519 6
5520 24
5521 9
5522 9
5523 1
5524 1
5525 2
5526 1
5527 3
5528 6
5529 3
5530 4
5531 7
5532 3
5533 4
5534 29
5535 3
5536 1
5537 1
5538 2
5539 2
5540 9
5541 3
5542 4
5543 23
5544 4
5545 2
5546 17
5547 17
5548 4
5549 2
5550 1
5551 5
5552 2
5553 5
5554 25
5555 3
5556 5
5557 10
5558 30
5559 8
5560 6
5561 1
5562 15
5563 6
5564 7
5565 3
5566 3
5567 3
5568 1
5569 3
5570 7
5571 15
5572 20
5573 1
5574 3
5575 91
5576 16
5577 8
5578 6
5579 9
5580 2
5581 2
5582 4
5583 19
5584 4
5585 5
5586 17
5587 5
5588 3
5589 9
5590 1
5591 1
5592 3
5593 3
5594 9
5595 9
5596 3
5597 3
5598 5
5599 5
5600 124
5601 3
5602 1
5603 2
5604 1
5605 1
5606 3
5607 1
5608 1
5609 7
5610 1
5611 1
5612 3
5613 1
5614 1
5615 6
5616 3
5617 6
5618 37
5619 46
5620 5
5621 13
5622 14
5623 120
5624 12
5625 1
5626 1
5627 11
5628 3
5629 10
5630 9
5631 3
5632 5
5633 5
5634 3
5635 4
5636 3
5637 12
5638 2
5639 3
5640 2
5641 1
5642 1
5643 3
5644 35
5645 23
5646 8
5647 13
5648 20
5649 4
5650 9
5651 3
5652 2
5653 4
5654 1
5655 4
5656 22
5657 31
5658 6
5659 3
5660 33
5661 16
5662 5
5663 2
5664 2
5665 3
5666 1
5667 1
5668 4
5669 5
5670 2
5671 3
5672 2
5673 2
5674 1
5675 1
5676 2
5677 1
5678 1
5679 1
5680 1
5681 2
5682 13
5683 3
5684 1
5685 125
5686 3
5687 4
5688 1
5689 11
5690 2
5691 16
5692 1
5693 3
5694 3
5695 4
5696 4
5697 1
5698 2
5699 1
5700 8
5701 2
5702 1
5703 3
5704 2
5705 5
5706 7
5707 1
5708 3
5709 5
5710 3
5711 1
5712 38
5713 4
5714 30
5715 9
5716 1
5717 4
5718 125
5719 3
5720 3
5721 1
5722 35
5723 4
5724 7
5725 4
5726 3
5727 18
5728 7
5729 26
5730 9
5731 3
5732 6
5733 2
5734 8
5735 6
5736 3
5737 10
5738 5
5739 4
5740 3
5741 109
5742 1
5743 25
5744 11
5745 30
5746 6
5747 11
5748 3
5749 2
5750 4
5751 2
5752 4
5753 2
5754 2
5755 5
5756 9
5757 2
5758 1
5759 1
5760 1
5761 1
5762 1
5763 1
5764 1
5765 1
5766 3
5767 2
5768 6
5769 1
5770 2
5771 1
5772 3
5773 43
5774 1
5775 4
5776 2
5777 4
5778 68
5779 1
5780 1
5781 1
5782 1
5783 1
5784 4
5785 1
5786 1
5787 6
5788 5
5789 2
5790 1
5791 1
5792 2
5793 3
5794 3
5795 2
5796 1
5797 10
5798 1
5799 3
5800 2
5801 24
5802 3
5803 9
5804 2
5805 3
5806 2
5807 6
5808 3
5809 3
5810 16
5811 7
5812 38
5813 3
5814 5
5815 2
5816 20
5817 4
5818 3
5819 1
5820 1
5821 14
5822 3
5823 4
5824 1
5825 3
5826 6
5827 6
5828 2
5829 4
5830 6
5831 10
5832 16
5833 2
5834 8
5835 3
5836 3
5837 1
5838 2
5839 1
5840 1
5841 13
5842 1
5843 6
5844 2
5845 1
5846 3
5847 2
5848 7
5849 3
5850 14
5851 1
5852 4
5853 1
5854 1
5855 2
5856 4
5857 1
5858 2
5859 2
5860 3
5861 9
5862 16
5863 3
5864 2
5865 3
5866 3
5867 1
5868 4
5869 2
5870 10
5871 3
5872 2
5873 6
5874 7
5875 58
5876 7
5877 1
5878 11
5879 5
5880 1
5881 4
5882 45
5883 8
5884 1
5885 6
5886 6
5887 8
5888 6
5889 7
5890 3
5891 3
5892 7
5893 6
5894 4
5895 4
5896 2
5897 3
5898 95
5899 3
5900 2
5901 1
5902 2
5903 4
5904 1
5905 6
5906 2
5907 5
5908 19
5909 7
5910 1
5911 5
5912 8
5913 3
5914 11
5915 4
5916 1
5917 1
5918 3
5919 7
5920 9
5921 6
5922 13
5923 2
5924 8
5925 2
5926 10
5927 8
5928 5
5929 48
5930 4
5931 4
5932 1
5933 1
5934 1
5935 1
5936 30
5937 1
5938 1
5939 1
5940 2
5941 1
5942 1
5943 1
5944 43
5945 1
5946 6
5947 7
5948 1
5949 1
5950 1
5951 16
5952 1
5953 3
5954 2
5955 1
5956 1
5957 1
5958 4
5959 2
5960 1
5961 5
5962 1
5963 3
5964 1
5965 6
5966 5
5967 3
5968 8
5969 1
5970 1
5971 3
5972 1
5973 3
5974 3
5975 5
5976 1
5977 3
5978 1
5979 1
5980 1
5981 1
5982 1
5983 5
5984 1
5985 1
5986 6
5987 4
5988 5
5989 1
5990 1
5991 1
5992 5
5993 3
5994 2
5995 2
5996 3
5997 3
5998 7
5999 1
6000 1
6001 1
6002 1
6003 1
6004 2
6005 1
6006 3
6007 2
6008 2
6009 1
6010 2
6011 4
6012 24
6013 9
6014 11
6015 3
6016 2
6017 2
6018 1
6019 2
6020 1
6021 10
6022 1
6023 2
6024 8
6025 1
6026 1
6027 4
6028 3
6029 1
6030 9
6031 6
6032 3
6033 14
6034 3
6035 4
6036 3
6037 10
6038 43
6039 6
6040 3
6041 19
6042 4
6043 20
6044 10
6045 8
6046 1
6047 1
6048 1
6049 1
6050 1
6051 1
6052 1
6053 1
6054 5
6055 1
6056 2
6057 3
6058 1
6059 2
6060 2
6061 20
6062 7
6063 44
6064 44
6065 3
6066 1
6067 1
6068 2
6069 2
6070 1
6071 1
6072 5
6073 4
6074 1
6075 3
6076 3
6077 2
6078 2
6079 1
6080 7
6081 3
6082 1
6083 3
6084 1
6085 1
6086 1
6087 1
6088 7
6089 1
6090 1
6091 1
6092 1
6093 1
6094 1
6095 1
6096 1
6097 1
6098 1
6099 1
6100 1
6101 1
6102 1
6103 1
6104 1
6105 1
6106 1
6107 1
6108 1
6109 1
6110 1
6111 5
6112 1
6113 4
6114 2
6115 1
6116 39
6117 11
6118 11
6119 81
6120 4
6121 3
6122 6
6123 25
6124 4
6125 2
6126 50
6127 5
6128 1
6129 5
6130 5
6131 1
6132 4
6133 2
6134 12
6135 3
6136 1
6137 1
6138 1
6139 3
6140 2
6141 5
6142 5
6143 18
6144 5
6145 1
6146 2
6147 1
6148 3
6149 4
6150 15
6151 20
6152 5
6153 1
6154 1
6155 1
6156 1
6157 8
6158 3
6159 1
6160 1
6161 2
6162 2
6163 2
6164 3
6165 1
6166 2
6167 1
6168 4
6169 1
6170 1
6171 2
6172 7
6173 1
6174 4
6175 1
6176 5
6177 1
6178 8
6179 4
6180 1
6181 3
6182 2
6183 1
6184 1
6185 2
6186 5
6187 6
6188 2
6189 2
6190 1
6191 1
6192 1
6193 36
6194 1
6195 1
6196 1
6197 1
6198 38
6199 1
6200 7
6201 1
6202 1
6203 1
6204 1
6205 1
6206 1
6207 7
6208 2
6209 1
6210 12
6211 14
6212 5
6213 1
6214 28
6215 3
6216 5
6217 2
6218 26
6219 11
6220 5
6221 7
6222 3
6223 23
6224 9
6225 6
6226 9
6227 1
6228 1
6229 2
6230 27
6231 4
6232 10
6233 1
6234 1
6235 1
6236 3
6237 2
6238 2
6239 7
6240 4
6241 3
6242 4
6243 3
6244 3
6245 44
6246 2
6247 8
6248 3
6249 3
6250 1
6251 1
6252 2
6253 5
6254 6
6255 2
6256 118
6257 5
6258 5
6259 2
6260 1
6261 53
6262 7
6263 56
6264 36
6265 7
6266 1
6267 2
6268 1
6269 4
6270 3
6271 1
6272 2
6273 11
6274 70
6275 4
6276 21
6277 3
6278 16
6279 35
6280 15
6281 4
6282 9
6283 1
6284 3
6285 2
6286 51
6287 7
6288 17
6289 23
6290 16
6291 15
6292 4
6293 5
6294 7
6295 1
6296 1
6297 4
6298 21
6299 7
6300 6
6301 29
6302 4
6303 2
6304 4
6305 2
6306 3
6307 3
6308 2
6309 3
6310 4
6311 6
6312 10
6313 1
6314 3
6315 14
6316 8
6317 11
6318 2
6319 3
6320 1
6321 1
6322 9
6323 1
6324 5
6325 1
6326 2
6327 1
6328 1
6329 16
6330 4
6331 1
6332 31
6333 3
6334 12
6335 20
6336 5
6337 31
6338 17
6339 22
6340 6
6341 10
6342 7
6343 3
6344 2
6345 79
6346 4
6347 30
6348 4
6349 6
6350 3
6351 2
6352 42
6353 3
6354 12
6355 3
6356 4
6357 6
6358 1
6359 3
6360 12
6361 4
6362 3
6363 10
6364 11
6365 37
6366 1
6367 1
6368 18
6369 3
6370 2
6371 1
6372 32
6373 4
6374 4
6375 3
6376 3
6377 1
6378 4
6379 1
6380 1
6381 7
6382 2
6383 3
6384 11
6385 4
6386 1
6387 1
6388 4
6389 3
6390 2
6391 2
6392 6
6393 3
6394 3
6395 43
6396 8
6397 4
6398 9
6399 2
6400 1
6401 2
6402 2
6403 1
6404 1
6405 6
6406 2
6407 2
6408 69
6409 5
6410 3
6411 4
6412 37
6413 2
6414 5
6415 15
6416 18
6417 7
6418 6
6419 2
6420 3
6421 4
6422 58
6423 2
6424 29
6425 1
6426 27
6427 7
6428 3
6429 3
6430 4
6431 5
6432 2
6433 1
6434 4
6435 1
6436 8
6437 2
6438 8
6439 59
6440 1
6441 2
6442 5
6443 8
6444 5
6445 1
6446 23
6447 2
6448 10
6449 9
6450 5
6451 3
6452 1
6453 2
6454 1
6455 43
6456 4
6457 9
6458 1
6459 2
6460 14
6461 2
6462 1
6463 4
6464 2
6465 2
6466 20
6467 3
6468 7
6469 8
6470 3
6471 3
6472 6
6473 1
6474 3
6475 5
6476 1
6477 1
6478 6
6479 12
6480 20
6481 9
6482 1
6483 19
6484 1
6485 1
6486 84
6487 4
6488 11
6489 2
6490 34
6491 4
6492 8
6493 9
6494 1
6495 1
6496 11
6497 5
6498 11
6499 3
6500 17
6501 7
6502 37
6503 7
6504 5
6505 27
6506 33
6507 14
6508 1
6509 58
6510 4
6511 1
6512 4
6513 34
6514 3
6515 2
6516 3
6517 1
6518 19
6519 5
6520 5
6521 2
6522 1
6523 5
6524 4
6525 27
6526 3
6527 76
6528 2
6529 12
6530 99
6531 4
6532 47
6533 23
6534 6
6535 2
6536 18
6537 13
6538 10
6539 2
6540 14
6541 3
6542 1
6543 5
6544 1
6545 7
6546 2
6547 3
6548 2
6549 1
6550 45
6551 15
6552 18
6553 4
6554 1
6555 2
6556 2
6557 2
6558 18
6559 2
6560 3
6561 1
6562 9
6563 1
6564 5
6565 10
6566 31
6567 5
6568 3
6569 35
6570 1
6571 1
6572 43
6573 9
6574 13
6575 3
6576 2
6577 1
6578 1
6579 4
6580 1
6581 2
6582 1
6583 1
6584 3
6585 4
6586 5
6587 4
6588 3
6589 3
6590 3
6591 4
6592 1
6593 3
6594 32
6595 5
6596 3
6597 1
6598 6
6599 12
6600 4
6601 17
6602 5
6603 6
6604 2
6605 3
6606 1
6607 18
6608 3
6609 3
6610 6
6611 2
6612 13
6613 19
6614 3
6615 13
6616 1
6617 1
6618 1
6619 1
6620 1
6621 1
6622 3
6623 3
6624 6
6625 4
6626 6
6627 57
6628 4
6629 7
6630 5
6631 5
6632 2
6633 25
6634 2
6635 4
6636 4
6637 1
6638 1
6639 32
6640 2
6641 19
6642 10
6643 2
6644 3
6645 1
6646 1
6647 5
6648 3
6649 4
6650 6
6651 1
6652 3
6653 11
6654 11
6655 2
6656 35
6657 13
6658 1
6659 9
6660 2
6661 53
6662 11
6663 4
6664 4
6665 1
6666 1
6667 3
6668 47
6669 1
6670 3
6671 3
6672 8
6673 13
6674 3
6675 5
6676 6
6677 1
6678 2
6679 2
6680 6
6681 6
6682 2
6683 3
6684 1
6685 1
6686 1
6687 3
6688 3
6689 21
6690 4
6691 3
6692 3
6693 7
6694 1
6695 1
6696 4
6697 1
6698 5
6699 10
6700 3
6701 3
6702 2
6703 3
6704 4
6705 42
6706 3
6707 1
6708 63
6709 1
6710 4
6711 2
6712 6
6713 6
6714 1
6715 22
6716 42
6717 7
6718 7
6719 4
6720 78
6721 3
6722 1
6723 4
6724 3
6725 10
6726 15
6727 4
6728 7
6729 2
6730 2
6731 1
6732 5
6733 1
6734 58
6735 7
6736 3
6737 2
6738 1
6739 3
6740 3
6741 1
6742 1
6743 1
6744 8
6745 2
6746 2
6747 80
6748 6
6749 3
6750 31
6751 4
6752 18
6753 6
6754 6
6755 3
6756 40
6757 17
6758 88
6759 1
6760 1
6761 56
6762 2
6763 4
6764 28
6765 6
6766 1
6767 3
6768 2
6769 1
6770 6
6771 3
6772 3
6773 2
6774 1
6775 1
6776 5
6777 28
6778 7
6779 6
6780 3
6781 2
6782 29
6783 5
6784 4
6785 5
6786 18
6787 18
6788 3
6789 3
6790 1
6791 2
6792 6
6793 3
6794 2
6795 3
6796 3
6797 3
6798 4
6799 2
6800 3
6801 15
6802 6
6803 20
6804 13
6805 16
6806 5
6807 4
6808 20
6809 36
6810 5
6811 2
6812 1
6813 98
6814 2
6815 3
6816 2
6817 8
6818 17
6819 7
6820 15
6821 23
6822 4
6823 4
6824 6
6825 5
6826 4
6827 3
6828 2
6829 1
6830 1
6831 8
6832 1
6833 6
6834 8
6835 3
6836 5
6837 1
6838 6
6839 4
6840 5
6841 7
6842 2
6843 3
6844 1
6845 1
6846 7
6847 2
6848 5
6849 3
6850 35
6851 3
6852 1
6853 23
6854 20
6855 3
6856 1
6857 15
6858 3
6859 10
6860 5
6861 5
6862 2
6863 1
6864 8
6865 4
6866 10
6867 3
6868 4
6869 3
6870 5
6871 2
6872 4
6873 1
6874 7
6875 13
6876 3
6877 3
6878 2
6879 9
6880 4
6881 4
6882 2
6883 3
6884 4
6885 6
6886 3
6887 5
6888 3
6889 1
6890 4
6891 2
6892 2
6893 8
6894 2
6895 1
6896 1
6897 4
6898 4
6899 1
6900 4
6901 29
6902 5
6903 13
6904 1
6905 9
6906 24
6907 5
6908 2
6909 13
6910 11
6911 8
6912 10
6913 2
6914 5
6915 34
6916 5
6917 2
6918 1
6919 3
6920 32
6921 2
6922 4
6923 2
6924 10
6925 10
6926 3
6927 12
6928 5
6929 8
6930 9
6931 2
6932 21
6933 3
6934 3
6935 3
6936 1
6937 4
6938 3
6939 4
6940 32
6941 98
6942 9
6943 3
6944 1
6945 1
6946 1
6947 1
6948 2
6949 8
6950 4
6951 3
6952 1
6953 3
6954 2
6955 8
6956 3
6957 4
6958 4
6959 1
6960 1
6961 1
6962 3
6963 2
6964 24
6965 5
6966 5
6967 2
6968 10
6969 2
6970 40
6971 5
6972 56
6973 19
6974 5
6975 15
6976 4
6977 25
6978 8
6979 77
6980 1
6981 8
6982 7
6983 1
6984 48
6985 2
6986 10
6987 18
6988 16
6989 3
6990 27
6991 7
6992 3
6993 19
6994 4
6995 5
6996 14
6997 4
6998 7
6999 4
7000 1
7001 20
7002 18
7003 3
7004 7
7005 6
7006 5
7007 7
7008 12
7009 9
7010 55
7011 6
7012 1
7013 2
7014 1
7015 1
7016 1
7017 6
7018 2
7019 1
7020 1
7021 5
7022 11
7023 2
7024 2
7025 19
7026 6
7027 6
7028 10
7029 2
7030 4
7031 8
7032 3
7033 41
7034 9
7035 16
7036 1
7037 4
7038 3
7039 20
7040 4
7041 59
7042 9
7043 3
7044 29
7045 10
7046 4
7047 3
7048 3
7049 3
7050 1
7051 2
7052 6
7053 8
7054 6
7055 3
7056 3
7057 1
7058 4
7059 4
7060 1
7061 3
7062 5
7063 14
7064 1
7065 1
7066 3
7067 11
7068 5
7069 8
7070 5
7071 3
7072 2
7073 1
7074 5
7075 6
7076 2
7077 2
7078 2
7079 6
7080 3
7081 2
7082 1
7083 1
7084 3
7085 24
7086 93
7087 3
7088 4
7089 2
7090 46
7091 1
7092 1
7093 4
7094 3
7095 3
7096 27
7097 7
7098 83
7099 35
7100 8
7101 3
7102 2
7103 21
7104 3
7105 11
7106 6
7107 3
7108 2
7109 3
7110 1
7111 1
7112 1
7113 2
7114 12
7115 4
7116 39
7117 9
7118 3
7119 4
7120 6
7121 4
7122 2
7123 5
7124 1
7125 9
7126 3
7127 3
7128 6
7129 5
7130 2
7131 7
7132 9
7133 4
7134 9
7135 1
7136 1
7137 55
7138 3
7139 8
7140 4
7141 14
7142 6
7143 3
7144 1
7145 6
7146 2
7147 4
7148 27
7149 5
7150 3
7151 13
7152 10
7153 4
7154 6
7155 2
7156 9
7157 6
7158 3
7159 9
7160 6
7161 3
7162 14
7163 2
7164 3
7165 13
7166 6
7167 1
7168 2
7169 5
7170 3
7171 6
7172 27
7173 36
7174 9
7175 7
7176 7
7177 3
7178 5
7179 5
7180 3
7181 6
7182 1
7183 3
7184 2
7185 6
7186 1
7187 3
7188 3
7189 2
7190 5
7191 2
7192 1
7193 2
7194 3
7195 2
7196 14
7197 2
7198 7
7199 3
7200 4
7201 24
7202 3
7203 4
7204 2
7205 4
7206 6
7207 1
7208 1
7209 13
7210 3
7211 1
7212 5
7213 2
7214 1
7215 1
7216 1
7217 1
7218 6
7219 1
7220 1
7221 2
7222 1
7223 1
7224 3
7225 5
7226 2
7227 8
7228 1
7229 30
7230 1
7231 10
7232 2
7233 6
7234 2
7235 2
7236 10
7237 2
7238 86
7239 8
7240 3
7241 3
7242 60
7243 6
7244 3
7245 6
7246 38
7247 9
7248 3
7249 7
7250 65
7251 36
7252 9
7253 2
7254 5
7255 34
7256 3
7257 2
7258 4
7259 11
7260 6
7261 28
7262 7
7263 7
7264 5
7265 2
7266 11
7267 20
7268 9
7269 1
7270 13
7271 8
7272 7
7273 3
7274 2
7275 4
7276 2
7277 5
7278 1
7279 2
7280 3
7281 3
7282 1
7283 1
7284 9
7285 3
7286 4
7287 1
7288 9
7289 2
7290 1
7291 2
7292 2
7293 1
7294 2
7295 4
7296 2
7297 1
7298 3
7299 12
7300 2
7301 3
7302 2
7303 1
7304 7
7305 3
7306 4
7307 7
7308 10
7309 3
7310 1
7311 3
7312 4
7313 5
7314 3
7315 6
7316 124
7317 5
7318 10
7319 47
7320 8
7321 4
7322 2
7323 3
7324 3
7325 1
7326 12
7327 2
7328 2
7329 10
7330 3
7331 2
7332 2
7333 2
7334 25
7335 5
7336 11
7337 6
7338 1
7339 7
7340 7
7341 4
7342 111
7343 20
7344 9
7345 3
7346 2
7347 1
7348 2
7349 5
7350 13
7351 15
7352 1
7353 1
7354 1
7355 3
7356 1
7357 2
7358 4
7359 3
7360 2
7361 1
7362 5
7363 5
7364 16
7365 2
7366 11
7367 18
7368 10
7369 5
7370 4
7371 14
7372 10
7373 6
7374 3
7375 1
7376 1
7377 13
7378 4
7379 1
7380 2
7381 3
7382 1
7383 7
7384 1
7385 1
7386 1
7387 1
7388 1
7389 1
7390 1
7391 3
7392 1
7393 1
7394 19
7395 3
7396 1
7397 1
7398 1
7399 1
7400 1
7401 1
7402 1
7403 1
7404 2
7405 1
7406 1
7407 6
7408 3
7409 66
7410 9
7411 4
7412 1
7413 5
7414 21
7415 1
7416 8
7417 2
7418 2
7419 1
7420 2
7421 3
7422 3
7423 1
7424 3
7425 4
7426 2
7427 2
7428 1
7429 2
7430 2
7431 4
7432 20
7433 5
7434 4
7435 1
7436 5
7437 1
7438 53
7439 2
7440 3
7441 5
7442 2
7443 2
7444 4
7445 4
7446 3
7447 5
7448 2
7449 1
7450 2
7451 3
7452 3
7453 4
7454 56
7455 3
7456 3
7457 1
7458 14
7459 1
7460 22
7461 1
7462 1
7463 3
7464 63
7465 1
7466 4
7467 9
7468 1
7469 3
7470 25
7471 11
7472 4
7473 34
7474 3
7475 1
7476 2
7477 1
7478 3
7479 10
7480 7
7481 11
7482 3
7483 3
7484 2
7485 2
7486 1
7487 1
7488 3
7489 4
7490 1
7491 2
7492 15
7493 6
7494 2
7495 1
7496 2
7497 4
7498 12
7499 10
7500 3
7501 40
7502 2
7503 8
7504 35
7505 35
7506 17
7507 2
7508 6
7509 2
7510 6
7511 5
7512 5
7513 4
7514 2
7515 2
7516 1
7517 2
7518 1
7519 1
7520 4
7521 3
7522 2
7523 4
7524 10
7525 10
7526 4
7527 9
7528 1
7529 56
7530 1
7531 5
7532 2
7533 35
7534 1
7535 17
7536 94
7537 12
7538 5
7539 33
7540 6
7541 1
7542 7
7543 3
7544 1
7545 1
7546 1
7547 2
7548 1
7549 5
7550 1
7551 2
7552 1
7553 2
7554 13
7555 4
7556 5
7557 17
7558 5
7559 7
7560 13
7561 44
7562 8
7563 3
7564 1
7565 2
7566 1
7567 1
7568 2
7569 77
7570 4
7571 25
7572 4
7573 47
7574 6
7575 1
7576 5
7577 4
7578 7
7579 1
7580 9
7581 2
7582 2
7583 1
7584 45
7585 7
7586 11
7587 3
7588 2
7589 7
7590 3
7591 1
7592 3
7593 2
7594 2
7595 1
7596 19
7597 1
7598 3
7599 2
7600 2
7601 2
7602 8
7603 3
7604 1
7605 19
7606 8
7607 3
7608 12
7609 13
7610 2
7611 3
7612 1
7613 2
7614 32
7615 8
7616 3
7617 22
7618 15
7619 5
7620 8
7621 34
7622 1
7623 3
7624 5
7625 1
7626 3
7627 16
7628 3
7629 15
7630 15
7631 100
7632 2
7633 2
7634 2
7635 12
7636 2
7637 3
7638 35
7639 1
7640 7
7641 1
7642 4
7643 4
7644 7
7645 9
7646 1
7647 1
7648 1
7649 61
7650 8
7651 7
7652 1
7653 1
7654 1
7655 1
7656 30
7657 14
7658 4
7659 1
7660 11
7661 2
7662 1
7663 2
7664 2
7665 1
7666 1
7667 3
7668 3
7669 5
7670 6
7671 1
7672 3
7673 6
7674 3
7675 5
7676 3
7677 1
7678 1
7679 2
7680 4
7681 1
7682 2
7683 10
7684 7
7685 3
7686 1
7687 4
7688 4
7689 4
7690 4
7691 7
7692 3
7693 1
7694 2
7695 5
7696 3
7697 3
7698 4
7699 5
7700 3
7701 5
7702 3
7703 2
7704 4
7705 4
7706 1
7707 2
7708 35
7709 8
7710 1
7711 1
7712 2
7713 10
7714 1
7715 1
7716 1
7717 3
7718 4
7719 1
7720 101
7721 5
7722 21
7723 2
7724 2
7725 7
7726 3
7727 2
7728 1
7729 22
7730 1
7731 8
7732 1
7733 16
7734 7
7735 3
7736 16
7737 18
7738 3
7739 5
7740 3
7741 1
7742 3
7743 17
7744 2
7745 4
7746 2
7747 5
7748 8
7749 32
7750 2
7751 3
7752 1
7753 2
7754 2
7755 2
7756 1
7757 1
7758 1
7759 3
7760 2
7761 1
7762 1
7763 1
7764 1
7765 1
7766 2
7767 1
7768 2
7769 1
7770 1
7771 5
7772 3
7773 9
7774 2
7775 1
7776 2
7777 1
7778 1
7779 2
7780 2
7781 2
7782 1
7783 2
7784 3
7785 1
7786 4
7787 1
7788 1
7789 1
7790 4
7791 1
7792 16
7793 4
7794 1
7795 3
7796 2
7797 1
7798 1
7799 16
7800 12
7801 21
7802 5
7803 2
7804 15
7805 6
7806 21
7807 15
7808 33
7809 1
7810 2
7811 1
7812 1
7813 123
7814 8
7815 29
7816 3
7817 3
7818 6
7819 7
7820 4
7821 51
7822 24
7823 25
7824 6
7825 8
7826 20
7827 2
7828 5
7829 2
7830 6
7831 12
7832 3
7833 3
7834 39
7835 2
7836 3
7837 1
7838 1
7839 1
7840 9
7841 1
7842 37
7843 7
7844 2
7845 2
7846 29
7847 6
7848 6
7849 51
7850 4
7851 12
7852 2
7853 16
7854 6
7855 1
7856 1
7857 1
7858 1
7859 8
7860 4
7861 1
7862 2
7863 5
7864 9
7865 1
7866 1
7867 1
7868 5
7869 1
7870 2
7871 3
7872 4
7873 1
7874 1
7875 1
7876 9
7877 5
7878 23
7879 1
7880 104
7881 6
7882 2
7883 36
7884 6
7885 3
7886 8
7887 5
7888 15
7889 2
7890 1
7891 2
7892 1
7893 1
7894 1
7895 1
7896 1
7897 2
7898 1
7899 25
7900 1
7901 18
7902 2
7903 1
7904 1
7905 1
7906 25
7907 3
7908 1
7909 3
7910 4
7911 45
7912 4
7913 2
7914 2
7915 2
7916 13
7917 26
7918 4
7919 5
7920 23
7921 5
7922 4
7923 4
7924 26
7925 10
7926 5
7927 22
7928 40
7929 3
7930 4
7931 2
7932 47
7933 66
7934 9
7935 11
7936 7
7937 17
7938 19
7939 2
7940 11
7941 5
7942 3
7943 4
7944 6
7945 5
7946 39
7947 5
7948 4
7949 11
7950 3
7951 29
7952 17
7953 5
7954 10
7955 18
7956 3
7957 1
7958 8
7959 4
7960 7
7961 2
7962 2
7963 5
7964 1
7965 19
7966 5
7967 125
7968 10
7969 1
7970 4
7971 3
7972 15
7973 1
7974 12
7975 8
7976 10
7977 2
7978 2
7979 3
7980 12
7981 1
7982 1
7983 56
7984 2
7985 1
7986 8
7987 6
7988 5
7989 1
7990 1
7991 1
7992 2
7993 1
7994 2
7995 1
7996 1
7997 5
7998 5
7999 21
8000 1
8001 4
8002 1
8003 8
8004 3
8005 1
8006 2
8007 2
8008 1
8009 2
8010 7
8011 2
8012 1
8013 125
8014 9
8015 6
8016 22
8017 32
8018 4
8019 8
8020 5
8021 124
8022 4
8023 5
8024 24
8025 28
8026 15
8027 2
8028 10
8029 3
8030 33
8031 3
8032 121
8033 11
8034 2
8035 1
8036 1
8037 2
8038 7
8039 5
8040 5
8041 14
8042 2
8043 6
8044 3
8045 1
8046 2
8047 6
8048 1
8049 6
8050 1
8051 33
8052 3
8053 3
8054 3
8055 7
8056 4
8057 3
8058 4
8059 2
8060 15
8061 3
8062 2
8063 10
8064 3
8065 2
8066 2
8067 1
8068 4
8069 23
8070 4
8071 13
8072 4
8073 3
8074 1
8075 2
8076 4
8077 13
8078 3
8079 3
8080 20
8081 3
8082 13
8083 6
8084 6
8085 6
8086 4
8087 5
8088 12
8089 6
8090 10
8091 3
8092 123
8093 10
8094 3
8095 4
8096 2
8097 98
8098 5
8099 3
8100 20
8101 2
8102 4
8103 12
8104 3
8105 6
8106 11
8107 3
8108 6
8109 2
8110 16
8111 4
8112 2
8113 39
8114 7
8115 3
8116 14
8117 4
8118 7
8119 3
8120 2
8121 7
8122 3
8123 57
8124 1
8125 9
8126 2
8127 3
8128 4
8129 8
8130 3
8131 1
8132 2
8133 5
8134 1
8135 2
8136 2
8137 1
8138 1
8139 2
8140 5
8141 122
8142 29
8143 1
8144 39
8145 3
8146 4
8147 21
8148 26
8149 4
8150 2
8151 3
8152 1
8153 3
8154 111
8155 9
8156 1
8157 1
8158 1
8159 1
8160 22
8161 101
8162 12
8163 4
8164 13
8165 6
8166 5
8167 4
8168 11
8169 6
8170 13
8171 13
8172 14
8173 44
8174 7
8175 10
8176 15
8177 10
8178 5
8179 2
8180 72
8181 6
8182 2
8183 30
8184 11
8185 3
8186 3
8187 11
8188 2
8189 7
8190 4
8191 1
8192 8
8193 4
8194 25
8195 1
8196 2
8197 3
8198 1
8199 27
8200 3
8201 18
8202 6
8203 11
8204 2
8205 1
8206 1
8207 4
8208 1
8209 1
8210 55
8211 1
8212 1
8213 1
8214 1
8215 1
8216 1
8217 2
8218 1
8219 2
8220 2
8221 1
8222 3
8223 3
8224 1
8225 8
8226 2
8227 39
8228 1
8229 6
8230 1
8231 5
8232 2
8233 1
8234 1
8235 2
8236 2
8237 10
8238 22
8239 1
8240 1
8241 24
8242 3
8243 10
8244 3
8245 1
8246 1
8247 25
8248 5
8249 66
8250 8
8251 3
8252 6
8253 3
8254 1
8255 46
8256 3
8257 12
8258 1
8259 1
8260 3
8261 3
8262 44
8263 3
8264 14
8265 4
8266 1
8267 2
8268 2
8269 6
8270 3
8271 8
8272 12
8273 3
8274 3
8275 1
8276 1
8277 115
8278 4
8279 47
8280 3
8281 37
8282 5
8283 3
8284 3
8285 1
8286 9
8287 2
8288 2
8289 14
8290 3
8291 5
8292 4
8293 1
8294 8
8295 1
8296 5
8297 4
8298 5
8299 2
8300 3
8301 1
8302 34
8303 2
8304 5
8305 1
8306 4
8307 34
8308 3
8309 32
8310 11
8311 3
8312 4
8313 7
8314 4
8315 4
8316 3
8317 3
8318 3
8319 4
8320 9
8321 1
8322 9
8323 1
8324 5
8325 6
8326 2
8327 5
8328 13
8329 3
8330 1
8331 4
8332 11
8333 18
8334 7
8335 24
8336 2
8337 11
8338 2
8339 5
8340 5
8341 7
8342 4
8343 34
8344 15
8345 2
8346 79
8347 5
8348 20
8349 4
8350 10
8351 12
8352 5
8353 10
8354 2
8355 16
8356 4
8357 2
8358 5
8359 6
8360 3
8361 1
8362 2
8363 12
8364 9
8365 45
8366 21
8367 4
8368 2
8369 3
8370 3
8371 3
8372 8
8373 34
8374 11
8375 11
8376 8
8377 1
8378 2
8379 6
8380 2
8381 6
8382 2
8383 1
8384 7
8385 1
8386 5
8387 2
8388 6
8389 3
8390 29
8391 2
8392 2
8393 1
8394 6
8395 10
8396 3
8397 14
8398 3
8399 1
8400 2
8401 1
8402 7
8403 2
8404 2
8405 5
8406 1
8407 12
8408 43
8409 1
8410 8
8411 1
8412 45
8413 18
8414 4
8415 2
8416 14
8417 5
8418 2
8419 2
8420 6
8421 10
8422 4
8423 1
8424 3
8425 2
8426 1
8427 2
8428 2
8429 4
8430 2
8431 1
8432 1
8433 5
8434 3
8435 3
8436 4
8437 4
8438 1
8439 7
8440 3
8441 3
8442 3
8443 2
8444 5
8445 1
8446 8
8447 3
8448 2
8449 1
8450 1
8451 2
8452 3
8453 5
8454 1
8455 5
8456 6
8457 10
8458 8
8459 14
8460 3
8461 3
8462 6
8463 1
8464 4
8465 43
8466 1
8467 8
8468 13
8469 42
8470 48
8471 1
8472 1
8473 5
8474 6
8475 5
8476 17
8477 4
8478 2
8479 10
8480 3
8481 5
8482 3
8483 6
8484 7
8485 3
8486 4
8487 20
8488 1
8489 6
8490 1
8491 21
8492 45
8493 1
8494 74
8495 28
8496 10
8497 2
8498 44
8499 4
8500 16
8501 31
8502 8
8503 2
8504 8
8505 4
8506 12
8507 16
8508 3
8509 1
8510 8
8511 3
8512 3
8513 2
8514 4
8515 4
8516 4
8517 3
8518 4
8519 2
8520 2
8521 29
8522 4
8523 8
8524 21
8525 2
8526 5
8527 3
8528 6
8529 4
8530 19
8531 11
8532 14
8533 7
8534 2
8535 7
8536 2
8537 26
8538 5
8539 3
8540 3
8541 4
8542 5
8543 2
8544 2
8545 3
8546 2
8547 6
8548 12
8549 14
8550 7
8551 4
8552 2
8553 7
8554 2
8555 12
8556 5
8557 21
8558 4
8559 5
8560 4
8561 10
8562 11
8563 2
8564 5
8565 8
8566 2
8567 5
8568 1
8569 6
8570 3
8571 2
8572 9
8573 1
8574 3
8575 5
8576 7
8577 1
8578 11
8579 52
8580 3
8581 11
8582 10
8583 42
8584 12
8585 2
8586 1
8587 11
8588 3
8589 3
8590 4
8591 2
8592 1
8593 1
8594 5
8595 6
8596 2
8597 13
8598 5
8599 2
8600 9
8601 11
8602 2
8603 7
8604 1
8605 1
8606 4
8607 9
8608 3
8609 2
8610 7
8611 5
8612 2
8613 1
8614 1
8615 6
8616 2
8617 2
8618 3
8619 1
8620 1
8621 1
8622 30
8623 8
8624 11
8625 3
8626 5
8627 8
8628 3
8629 1
8630 1
8631 8
8632 5
8633 22
8634 5
8635 2
8636 2
8637 4
8638 3
8639 3
8640 4
8641 16
8642 10
8643 9
8644 3
8645 3
8646 3
8647 2
8648 7
8649 32
8650 11
8651 3
8652 4
8653 21
8654 2
8655 27
8656 10
8657 3
8658 6
8659 4
8660 1
8661 2
8662 3
8663 11
8664 3
8665 3
8666 3
8667 3
8668 3
8669 8
8670 8
8671 5
8672 3
8673 1
8674 7
8675 6
8676 5
8677 4
8678 1
8679 2
8680 4
8681 1
8682 2
8683 1
8684 2
8685 2
8686 2
8687 8
8688 3
8689 2
8690 1
8691 1
8692 1
8693 2
8694 1
8695 1
8696 1
8697 1
8698 2
8699 65
8700 9
8701 15
8702 6
8703 30
8704 9
8705 3
8706 3
8707 2
8708 1
8709 4
8710 4
8711 19
8712 3
8713 5
8714 4
8715 3
8716 4
8717 10
8718 2
8719 6
8720 3
8721 1
8722 3
8723 2
8724 5
8725 1
8726 1
8727 8
8728 5
8729 21
8730 5
8731 3
8732 5
8733 1
8734 26
8735 1
8736 10
8737 4
8738 3
8739 5
8740 6
8741 8
8742 2
8743 9
8744 7
8745 4
8746 1
8747 11
8748 2
8749 3
8750 4
8751 37
8752 17
8753 2
8754 3
8755 3
8756 8
8757 33
8758 2
8759 8
8760 3
8761 2
8762 37
8763 12
8764 3
8765 2
8766 21
8767 7
8768 48
8769 1
8770 6
8771 4
8772 7
8773 4
8774 5
8775 4
8776 1
8777 1
8778 5
8779 3
8780 1
8781 2
8782 1
8783 7
8784 4
8785 6
8786 3
8787 19
8788 77
8789 1
8790 13
8791 1
8792 9
8793 12
8794 3
8795 2
8796 10
8797 4
8798 5
8799 5
8800 6
8801 2
8802 1
8803 1
8804 1
8805 1
8806 7
8807 4
8808 1
8809 35
8810 2
8811 13
8812 6
8813 5
8814 3
8815 3
8816 12
8817 2
8818 1
8819 15
8820 7
8821 16
8822 1
8823 2
8824 2
8825 1
8826 1
8827 1
8828 20
8829 3
8830 3
8831 18
8832 3
8833 16
8834 5
8835 11
8836 8
8837 5
8838 3
8839 1
8840 3
8841 1
8842 2
8843 4
8844 40
8845 11
8846 2
8847 6
8848 2
8849 1
8850 1
8851 1
8852 3
8853 11
8854 1
8855 9
8856 16
8857 16
8858 40
8859 3
8860 5
8861 1
8862 1
8863 1
8864 3
8865 4
8866 1
8867 9
8868 4
8869 4
8870 30
8871 6
8872 2
8873 21
8874 7
8875 3
8876 1
8877 3
8878 26
8879 4
8880 4
8881 25
8882 15
8883 27
8884 6
8885 10
8886 5
8887 8
8888 5
8889 5
8890 13
8891 9
8892 4
8893 11
8894 3
8895 2
8896 9
8897 9
8898 2
8899 4
8900 24
8901 3
8902 2
8903 6
8904 6
8905 5
8906 3
8907 2
8908 15
8909 3
8910 2
8911 8
8912 1
8913 11
8914 3
8915 4
8916 15
8917 1
8918 20
8919 2
8920 75
8921 2
8922 5
8923 15
8924 2
8925 61
8926 4
8927 11
8928 36
8929 1
8930 5
8931 3
8932 3
8933 3
8934 3
8935 34
8936 38
8937 3
8938 3
8939 6
8940 3
8941 4
8942 2
8943 2
8944 2
8945 3
8946 2
8947 3
8948 12
8949 1
8950 4
8951 86
8952 11
8953 2
8954 1
8955 6
8956 1
8957 2
8958 3
8959 2
8960 15
8961 10
8962 2
8963 3
8964 3
8965 3
8966 5
8967 18
8968 4
8969 11
8970 3
8971 18
8972 6
8973 5
8974 1
8975 3
8976 3
8977 3
8978 66
8979 21
8980 6
8981 6
8982 25
8983 9
8984 5
8985 3
8986 26
8987 20
8988 4
8989 44
8990 7
8991 4
8992 15
8993 3
8994 79
8995 27
8996 5
8997 7
8998 36
8999 17
9000 1
9001 15
9002 1
9003 3
9004 31
9005 4
9006 8
9007 7
9008 26
9009 15
9010 90
9011 4
9012 78
9013 18
9014 25
9015 3
9016 12
9017 3
9018 20
9019 8
9020 95
9021 27
9022 12
9023 4
9024 27
9025 28
9026 3
9027 8
9028 9
9029 25
9030 3
9031 9
9032 3
9033 6
9034 14
9035 4
9036 7
9037 1
9038 3
9039 7
9040 1
9041 6
9042 3
9043 2
9044 24
9045 4
9046 2
9047 1
9048 5
9049 3
9050 6
9051 10
9052 3
9053 2
9054 4
9055 27
9056 3
9057 3
9058 4
9059 6
9060 3
9061 3
9062 1
9063 1
9064 3
9065 1
9066 9
9067 5
9068 15
9069 5
9070 3
9071 3
9072 3
9073 1
9074 4
9075 2
9076 1
9077 2
9078 1
9079 13
9080 4
9081 4
9082 12
9083 4
9084 7
9085 3
9086 1
9087 3
9088 1
9089 1
9090 7
9091 3
9092 3
9093 3
9094 14
9095 1
9096 18
9097 10
9098 42
9099 6
9100 27
9101 1
9102 5
9103 17
9104 7
9105 2
9106 10
9107 4
9108 65
9109 102
9110 8
9111 4
9112 28
9113 7
9114 5
9115 3
9116 5
9117 3
9118 4
9119 2
9120 5
9121 2
9122 6
9123 3
9124 3
9125 4
9126 2
9127 17
9128 24
9129 5
9130 5
9131 7
9132 62
9133 39
9134 44
9135 25
9136 4
9137 1
9138 1
9139 2
9140 4
9141 3
9142 4
9143 3
9144 3
9145 1
9146 1
9147 4
9148 4
9149 2
9150 2
9151 2
9152 1
9153 1
9154 1
9155 3
9156 4
9157 16
9158 4
9159 15
9160 2
9161 4
9162 2
9163 4
9164 1
9165 1
9166 2
9167 9
9168 22
9169 2
9170 4
9171 4
9172 6
9173 3
9174 17
9175 6
9176 9
9177 14
9178 5
9179 3
9180 1
9181 8
9182 2
9183 6
9184 1
9185 1
9186 3
9187 8
9188 6
9189 1
9190 2
9191 38
9192 5
9193 1
9194 6
9195 4
9196 1
9197 15
9198 6
9199 9
9200 2
9201 2
9202 2
9203 35
9204 3
9205 20
9206 5
9207 4
9208 3
9209 5
9210 2
9211 2
9212 1
9213 1
9214 1
9215 3
9216 5
9217 20
9218 2
9219 1
9220 7
9221 1
9222 4
9223 4
9224 9
9225 1
9226 2
9227 1
9228 1
9229 1
9230 1
9231 1
9232 6
9233 4
9234 9
9235 1
9236 5
9237 6
9238 3
9239 1
9240 8
9241 6
9242 2
9243 4
9244 10
9245 3
9246 34
9247 11
9248 3
9249 2
9250 3
9251 4
9252 3
9253 3
9254 1
9255 4
9256 6
9257 3
9258 19
9259 3
9260 11
9261 1
9262 4
9263 3
9264 8
9265 3
9266 8
9267 4
9268 4
9269 1
9270 11
9271 8
9272 17
9273 6
9274 2
9275 3
9276 8
9277 44
9278 3
9279 3
9280 3
9281 1
9282 1
9283 13
9284 3
9285 3
9286 2
9287 2
9288 1
9289 30
9290 15
9291 3
9292 1
9293 5
9294 8
9295 4
9296 2
9297 1
9298 1
9299 3
9300 5
9301 8
9302 1
9303 46
9304 1
9305 4
9306 5
9307 4
9308 4
9309 37
9310 5
9311 53
9312 3
9313 4
9314 1
9315 3
9316 1
9317 1
9318 3
9319 3
9320 11
9321 7
9322 2
9323 1
9324 2
9325 5
9326 3
9327 1
9328 2
9329 5
9330 1
9331 1
9332 3
9333 5
9334 5
9335 3
9336 4
9337 2
9338 1
9339 16
9340 3
9341 6
9342 2
9343 2
9344 11
9345 6
9346 3
9347 41
9348 26
9349 35
9350 3
9351 4
9352 5
9353 14
9354 14
9355 17
9356 13
9357 3
9358 5
9359 2
9360 7
9361 7
9362 9
9363 10
9364 2
9365 1
9366 4
9367 44
9368 1
9369 16
9370 2
9371 7
9372 5
9373 11
9374 55
9375 10
9376 3
9377 6
9378 5
9379 4
9380 27
9381 3
9382 3
9383 3
9384 12
9385 3
9386 9
9387 3
9388 1
9389 4
9390 11
9391 73
9392 3
9393 1
9394 1
9395 1
9396 2
9397 6
9398 1
9399 14
9400 14
9401 11
9402 4
9403 4
9404 4
9405 1
9406 1
9407 1
9408 22
9409 4
9410 1
9411 2
9412 7
9413 8
9414 3
9415 5
9416 28
9417 5
9418 6
9419 8
9420 53
9421 4
9422 13
9423 2
9424 5
9425 1
9426 4
9427 8
9428 4
9429 6
9430 2
9431 2
9432 1
9433 12
9434 11
9435 3
9436 4
9437 19
9438 2
9439 5
9440 1
9441 2
9442 56
9443 3
9444 20
9445 3
9446 1
9447 13
9448 3
9449 25
9450 9
9451 4
9452 1
9453 1
9454 1
9455 7
9456 1
9457 6
9458 1
9459 1
9460 47
9461 7
9462 11
9463 11
9464 5
9465 3
9466 43
9467 28
9468 2
9469 1
9470 3
9471 2
9472 4
9473 3
9474 39
9475 20
9476 3
9477 16
9478 12
9479 3
9480 2
9481 7
9482 11
9483 4
9484 3
9485 3
9486 3
9487 5
9488 1
9489 2
9490 10
9491 10
9492 5
9493 3
9494 6
9495 3
9496 3
9497 4
9498 9
9499 4
9500 6
9501 3
9502 6
9503 12
9504 5
9505 12
9506 3
9507 2
9508 2
9509 32
9510 1
9511 1
9512 22
9513 4
9514 9
9515 14
9516 16
9517 3
9518 3
9519 7
9520 1
9521 1
9522 1
9523 2
9524 1
9525 35
9526 3
9527 42
9528 2
9529 10
9530 3
9531 118
9532 2
9533 9
9534 3
9535 9
9536 5
9537 2
9538 3
9539 1
9540 22
9541 20
9542 29
9543 7
9544 19
9545 11
9546 3
9547 3
9548 2
9549 9
9550 3
9551 1
9552 2
9553 24
9554 36
9555 27
9556 10
9557 7
9558 3
9559 5
9560 3
9561 3
9562 2
9563 3
9564 1
9565 6
9566 4
9567 26
9568 2
9569 3
9570 1
9571 3
9572 14
9573 5
9574 3
9575 2
9576 4
9577 2
9578 3
9579 5
9580 1
9581 14
9582 4
9583 7
9584 101
9585 4
9586 5
9587 6
9588 7
9589 57
9590 5
9591 7
9592 9
9593 2
9594 11
9595 44
9596 18
9597 46
9598 3
9599 22
9600 6
9601 33
9602 38
9603 3
9604 1
9605 3
9606 4
9607 7
9608 5
9609 9
9610 53
9611 8
9612 23
9613 4
9614 4
9615 10
9616 2
9617 3
9618 1
9619 17
9620 5
9621 17
9622 5
9623 9
9624 5
9625 22
9626 12
9627 4
9628 5
9629 11
9630 4
9631 3
9632 3
9633 19
9634 18
9635 4
9636 20
9637 8
9638 5
9639 1
9640 11
9641 1
9642 3
9643 3
9644 5
9645 3
9646 2
9647 19
9648 10
9649 1
9650 18
9651 5
9652 4
9653 2
9654 6
9655 4
9656 3
9657 15
9658 10
9659 4
9660 2
9661 7
9662 3
9663 3
9664 3
9665 41
9666 8
9667 41
9668 21
9669 1
9670 7
9671 17
9672 9
9673 64
9674 11
9675 46
9676 1
9677 10
9678 26
9679 7
9680 19
9681 3
9682 45
9683 15
9684 53
9685 5
9686 6
9687 2
9688 22
9689 30
9690 4
9691 11
9692 4
9693 7
9694 29
9695 3
9696 1
9697 1
9698 4
9699 1
9700 1
9701 102
9702 37
9703 5
9704 5
9705 37
9706 3
9707 17
9708 5
9709 1
9710 7
9711 4
9712 1
9713 5
9714 5
9715 3
9716 8
9717 3
9718 2
9719 15
9720 8
9721 4
9722 4
9723 30
9724 3
9725 3
9726 3
9727 51
9728 15
9729 14
9730 26
9731 2
9732 12
9733 39
9734 61
9735 2
9736 5
9737 3
9738 5
9739 21
9740 14
9741 3
9742 2
9743 8
9744 30
9745 2
9746 3
9747 1
9748 3
9749 6
9750 19
9751 1
9752 4
9753 2
9754 3
9755 93
9756 21
9757 2
9758 5
9759 3
9760 3
9761 2
9762 2
9763 2
9764 2
9765 2
9766 2
9767 6
9768 26
9769 107
9770 3
9771 53
9772 5
9773 4
9774 2
9775 3
9776 42
9777 14
9778 15
9779 18
9780 3
9781 9
9782 1
9783 10
9784 7
9785 3
9786 5
9787 1
9788 3
9789 6
9790 1
9791 14
9792 9
9793 6
9794 16
9795 6
9796 5
9797 41
9798 8
9799 6
9800 5
9801 23
9802 1
9803 3
9804 19
9805 10
9806 3
9807 5
9808 4
9809 3
9810 4
9811 2
9812 2
9813 3
9814 3
9815 1
9816 3
9817 5
9818 5
9819 1
9820 1
9821 3
9822 3
9823 23
9824 28
9825 2
9826 1
9827 3
9828 4
9829 2
9830 1
9831 4
9832 45
9833 3
9834 3
9835 3
9836 5
9837 6
9838 2
9839 4
9840 20
9841 1
9842 3
9843 5
9844 11
9845 5
9846 5
9847 1
9848 4
9849 4
9850 4
9851 4
9852 3
9853 1
9854 1
9855 1
9856 4
9857 2
9858 1
9859 3
9860 2
9861 5
9862 4
9863 1
9864 2
9865 23
9866 3
9867 2
9868 1
9869 23
9870 4
9871 2
9872 2
9873 1
9874 1
9875 4
9876 60
9877 5
9878 22
9879 3
9880 3
9881 1
9882 2
9883 3
9884 6
9885 5
9886 2
9887 7
9888 20
9889 5
9890 3
9891 2
9892 3
9893 2
9894 1
9895 1
9896 6
9897 5
9898 4
9899 4
9900 21
9901 9
9902 5
9903 4
9904 4
9905 4
9906 3
9907 12
9908 5
9909 2
9910 4
9911 1
9912 1
9913 1
9914 5
9915 3
9916 1
9917 1
9918 1
9919 1
9920 3
9921 1
9922 8
9923 2
9924 2
9925 31
9926 5
9927 14
9928 5
9929 4
9930 46
9931 2
9932 21
9933 4
9934 2
9935 2
9936 1
9937 1
9938 1
9939 1
9940 26
9941 13
9942 4
9943 2
9944 1
9945 2
9946 3
9947 8
9948 1
9949 2
9950 2
9951 2
9952 2
9953 2
9954 2
9955 3
9956 9
9957 5
9958 1
9959 2
9960 4
9961 65
9962 1
9963 1
9964 1
9965 1
9966 4
9967 4
9968 56
9969 2
9970 1
9971 1
9972 1
9973 1
9974 1
9975 1
9976 1
9977 1
9978 1
9979 7
9980 2
9981 2
9982 1
9983 1
9984 9
9985 3
9986 2
9987 2
9988 1
9989 1
9990 2
9991 1
9992 3
9993 1
9994 6
9995 1
9996 3
9997 6
9998 3
9999 1
10000 3
10001 3
10002 2
10003 1
10004 5
10005 3
10006 3
10007 2
10008 16
10009 2
10010 5
10011 2
10012 8
10013 1
10014 1
10015 1
10016 1
10017 1
10018 2
10019 9
10020 5
10021 1
10022 1
10023 3
10024 4
10025 1
10026 114
10027 1
10028 10
10029 3
10030 24
10031 2
10032 7
10033 24
10034 4
10035 10
10036 5
10037 4
10038 7
10039 1
10040 1
10041 1
10042 1
10043 1
10044 3
10045 3
10046 5
10047 2
10048 2
10049 3
10050 2
10051 1
10052 3
10053 1
10054 3
10055 6
10056 1
10057 2
10058 2
10059 2
10060 1
10061 1
10062 2
10063 6
10064 1
10065 1
10066 1
10067 2
10068 2
10069 3
10070 1
10071 3
10072 6
10073 3
10074 10
10075 3
10076 10
10077 16
10078 6
10079 6
10080 3
10081 1
10082 1
10083 12
10084 5
10085 1
10086 12
10087 35
10088 8
10089 6
10090 2
10091 1
10092 1
10093 1
10094 5
10095 2
10096 4
10097 1
10098 32
10099 6
10100 6
10101 2
10102 7
10103 2
10104 5
10105 5
10106 2
10107 2
10108 3
10109 4
10110 11
10111 2
10112 2
10113 2
10114 3
10115 5
10116 4
10117 11
10118 6
10119 3
10120 2
10121 2
10122 2
10123 1
10124 1
10125 4
10126 8
10127 15
10128 2
10129 2
10130 3
10131 5
10132 3
10133 3
10134 2
10135 11
10136 2
10137 60
10138 5
10139 23
10140 3
10141 2
10142 13
10143 4
10144 4
10145 3
10146 2
10147 23
10148 3
10149 48
10150 16
10151 3
10152 36
10153 11
10154 2
10155 9
10156 2
10157 5
10158 1
10159 2
10160 2
10161 3
10162 2
10163 5
10164 5
10165 3
10166 12
10167 3
10168 10
10169 3
10170 4
10171 1
10172 6
10173 2
10174 1
10175 2
10176 1
10177 1
10178 2
10179 11
10180 38
10181 3
10182 51
10183 11
10184 5
10185 4
10186 10
10187 17
10188 2
10189 3
10190 3
10191 4
10192 2
10193 1
10194 1
10195 25
10196 3
10197 102
10198 1
10199 1
10200 4
10201 3
10202 23
10203 5
10204 2
10205 105
10206 17
10207 16
10208 4
10209 1
10210 1
10211 2
10212 72
10213 1
10214 7
10215 4
10216 2
10217 2
10218 4
10219 13
10220 2
10221 33
10222 43
10223 7
10224 4
10225 18
10226 1
10227 3
10228 7
10229 30
10230 10
10231 1
10232 11
10233 2
10234 5
10235 9
10236 3
10237 1
10238 2
10239 3
10240 3
10241 5
10242 5
10243 40
10244 2
10245 62
10246 9
10247 21
10248 40
10249 14
10250 3
10251 1
10252 7
10253 7
10254 6
10255 1
10256 1
10257 1
10258 1
10259 1
10260 1
10261 3
10262 1
10263 2
10264 3
10265 1
10266 15
10267 92
10268 1
10269 22
10270 45
10271 17
10272 3
10273 3
10274 1
10275 2
10276 3
10277 2
10278 2
10279 2
10280 7
10281 2
10282 14
10283 2
10284 3
10285 35
10286 5
10287 2
10288 3
10289 2
10290 1
10291 1
10292 47
10293 3
10294 8
10295 15
10296 7
10297 2
10298 15
10299 6
10300 2
10301 2
10302 13
10303 4
10304 3
10305 9
10306 2
10307 83
10308 4
10309 3
10310 5
10311 5
10312 45
10313 4
10314 3
10315 72
10316 2
10317 51
10318 4
10319 3
10320 1
10321 8
10322 9
10323 1
10324 24
10325 1
10326 8
10327 6
10328 1
10329 6
10330 2
10331 1
10332 5
10333 4
10334 4
10335 2
10336 3
10337 1
10338 27
10339 18
10340 13
10341 6
10342 4
10343 5
10344 1
10345 2
10346 33
10347 1
10348 15
10349 4
10350 6
10351 3
10352 5
10353 1
10354 1
10355 19
10356 3
10357 9
10358 3
10359 20
10360 6
10361 3
10362 14
10363 18
10364 3
10365 9
10366 4
10367 5
10368 8
10369 3
10370 6
10371 105
10372 5
10373 3
10374 1
10375 43
10376 3
10377 3
10378 50
10379 18
10380 5
10381 23
10382 4
10383 16
10384 4
10385 3
10386 5
10387 10
10388 17
10389 3
10390 6
10391 75
10392 4
10393 2
10394 1
10395 3
10396 7
10397 8
10398 1
10399 3
10400 2
10401 2
10402 11
10403 1
10404 2
10405 5
10406 1
10407 9
10408 26
10409 2
10410 20
10411 4
10412 1
10413 9
10414 1
10415 7
10416 14
10417 6
10418 3
10419 2
10420 11
10421 7
10422 1
10423 2
10424 1
10425 3
10426 10
10427 1
10428 1
10429 1
10430 2
10431 11
10432 2
10433 3
10434 6
10435 1
10436 4
10437 1
10438 7
10439 2
10440 3
10441 7
10442 3
10443 2
10444 1
10445 1
10446 1
10447 1
10448 3
10449 2
10450 3
10451 3
10452 6
10453 46
10454 1
10455 5
10456 4
10457 6
10458 6
10459 1
10460 86
10461 3
10462 102
10463 1
10464 2
10465 45
10466 19
10467 103
10468 108
10469 1
10470 1
10471 5
10472 2
10473 3
10474 1
10475 10
10476 2
10477 1
10478 3
10479 9
10480 3
10481 6
10482 6
10483 3
10484 4
10485 26
10486 6
10487 6
10488 4
10489 6
10490 2
10491 3
10492 7
10493 3
10494 3
10495 8
10496 3
10497 12
10498 1
10499 2
10500 3
10501 7
10502 10
10503 14
10504 4
10505 7
10506 16
10507 1
10508 6
10509 2
10510 6
10511 1
10512 1
10513 2
10514 6
10515 20
10516 2
10517 1
10518 45
10519 4
10520 22
10521 2
10522 2
10523 8
10524 1
10525 1
10526 1
10527 3
10528 4
10529 2
10530 6
10531 25
10532 1
10533 12
10534 93
10535 7
10536 7
10537 2
10538 16
10539 3
10540 41
10541 13
10542 4
10543 27
10544 1
10545 54
10546 6
10547 6
10548 6
10549 6
10550 1
10551 5
10552 5
10553 2
10554 32
10555 1
10556 5
10557 4
10558 2
10559 3
10560 2
10561 14
10562 4
10563 5
10564 1
10565 81
10566 2
10567 5
10568 5
10569 6
10570 5
10571 2
10572 49
10573 16
10574 1
10575 5
10576 3
10577 3
10578 28
10579 4
10580 12
10581 1
10582 15
10583 3
10584 3
10585 2
10586 3
10587 2
10588 13
10589 3
10590 7
10591 3
10592 7
10593 4
10594 3
10595 31
10596 13
10597 2
10598 1
10599 11
10600 9
10601 5
10602 5
10603 31
10604 2
10605 14
10606 58
10607 7
10608 3
10609 3
10610 7
10611 4
10612 3
10613 4
10614 3
10615 5
10616 2
10617 3
10618 4
10619 2
10620 2
10621 4
10622 3
10623 2
10624 1
10625 4
10626 4
10627 2
10628 11
10629 24
10630 1
10631 2
10632 2
10633 5
10634 3
10635 1
10636 4
10637 3
10638 3
10639 1
10640 57
10641 1
10642 8
10643 25
10644 7
10645 7
10646 1
10647 1
10648 2
10649 1
10650 1
10651 7
10652 7
10653 4
10654 3
10655 3
10656 4
10657 9
10658 10
10659 7
10660 3
10661 3
10662 1
10663 1
10664 1
10665 4
10666 111
10667 14
10668 10
10669 4
10670 1
10671 1
10672 1
10673 3
10674 1
10675 9
10676 38
10677 1
10678 4
10679 16
10680 1
10681 2
10682 29
10683 12
10684 1
10685 1
10686 7
10687 5
10688 27
10689 6
10690 4
10691 2
10692 3
10693 4
10694 11
10695 17
10696 9
10697 3
10698 32
10699 12
10700 9
10701 11
10702 116
10703 5
10704 1
10705 5
10706 15
10707 2
10708 25
10709 3
10710 4
10711 24
10712 6
10713 4
10714 18
10715 3
10716 9
10717 5
10718 3
10719 9
10720 1
10721 1
10722 3
10723 6
10724 2
10725 3
10726 13
10727 9
10728 1
10729 4
10730 1
10731 15
10732 3
10733 2
10734 1
10735 7
10736 3
10737 1
10738 62
10739 4
10740 2
10741 3
10742 4
10743 7
10744 1
10745 24
10746 9
10747 4
10748 10
10749 7
10750 1
10751 4
10752 3
10753 1
10754 40
10755 5
10756 22
10757 7
10758 4
10759 3
10760 2
10761 4
10762 9
10763 1
10764 1
10765 13
10766 4
10767 2
10768 3
10769 4
10770 17
10771 8
10772 7
10773 2
10774 5
10775 15
10776 13
10777 21
10778 4
10779 24
10780 2
10781 11
10782 4
10783 13
10784 25
10785 2
10786 2
10787 2
10788 4
10789 1
10790 4
10791 3
10792 43
10793 4
10794 7
10795 4
10796 66
10797 2
10798 1
10799 26
10800 5
10801 5
10802 13
10803 4
10804 4
10805 12
10806 6
10807 3
10808 3
10809 9
10810 1
10811 4
10812 3
10813 2
10814 52
10815 4
10816 1
10817 10
10818 10
10819 4
10820 7
10821 3
10822 1
10823 1
10824 2
10825 1
10826 1
10827 1
10828 4
10829 4
10830 20
10831 3
10832 10
10833 3
10834 4
10835 30
10836 6
10837 4
10838 4
10839 2
10840 2
10841 8
10842 3
10843 3
10844 1
10845 6
10846 4
10847 21
10848 3
10849 4
10850 18
10851 3
10852 1
10853 4
10854 7
10855 4
10856 5
10857 1
10858 2
10859 1
10860 1
10861 9
10862 2
10863 3
10864 2
10865 1
10866 1
10867 6
10868 1
10869 6
10870 7
10871 3
10872 2
10873 3
10874 25
10875 12
10876 8
10877 4
10878 1
10879 5
10880 8
10881 3
10882 9
10883 10
10884 1
10885 52
10886 3
10887 3
10888 7
10889 3
10890 5
10891 3
10892 20
10893 23
10894 3
10895 2
10896 7
10897 3
10898 1
10899 1
10900 2
10901 32
10902 19
10903 17
10904 14
10905 45
10906 2
10907 3
10908 16
10909 9
10910 1
10911 18
10912 12
10913 5
10914 20
10915 6
10916 10
10917 4
10918 11
10919 8
10920 5
10921 64
10922 16
10923 44
10924 6
10925 3
10926 15
10927 4
10928 1
10929 5
10930 2
10931 2
10932 3
10933 3
10934 12
10935 1
10936 3
10937 2
10938 3
10939 2
10940 1
10941 1
10942 9
10943 3
10944 4
10945 48
10946 9
10947 3
10948 16
10949 23
10950 11
10951 7
10952 2
10953 1
10954 1
10955 5
10956 8
10957 2
10958 1
10959 1
10960 1
10961 3
10962 62
10963 8
10964 3
10965 4
10966 2
10967 10
10968 6
10969 1
10970 2
10971 1
10972 1
10973 1
10974 6
10975 3
10976 14
10977 3
10978 3
10979 5
10980 5
10981 8
10982 7
10983 2
10984 9
10985 1
10986 3
10987 3
10988 7
10989 5
10990 4
10991 9
10992 3
10993 2
10994 3
10995 2
10996 4
10997 3
10998 1
10999 3
11000 4
11001 15
11002 5
11003 21
11004 2
11005 4
11006 4
11007 2
11008 2
11009 5
11010 20
11011 5
11012 3
11013 3
11014 7
11015 7
11016 3
11017 5
11018 8
11019 1
11020 20
11021 3
11022 3
11023 15
11024 1
11025 3
11026 2
11027 1
11028 1
11029 36
11030 15
11031 13
11032 6
11033 1
11034 21
11035 1
11036 4
11037 3
11038 3
11039 30
11040 2
11041 78
11042 3
11043 38
11044 2
11045 15
11046 40
11047 20
11048 3
11049 1
11050 1
11051 2
11052 2
11053 7
11054 10
11055 1
11056 1
11057 1
11058 19
11059 2
11060 28
11061 78
11062 20
11063 4
11064 89
11065 26
11066 3
11067 16
11068 11
11069 6
11070 1
11071 11
11072 7
11073 5
11074 23
11075 1
11076 1
11077 3
11078 3
11079 3
11080 2
11081 1
11082 1
11083 1
11084 1
11085 1
11086 2
11087 5
11088 1
11089 1
11090 1
11091 1
11092 1
11093 4
11094 45
11095 3
11096 3
11097 1
11098 2
11099 1
11100 3
11101 6
11102 20
11103 1
11104 6
11105 18
11106 11
11107 1
11108 2
11109 5
11110 2
11111 8
11112 2
11113 13
11114 6
11115 21
11116 2
11117 4
11118 3
11119 13
11120 2
11121 7
11122 5
11123 4
11124 7
11125 5
11126 3
11127 6
11128 7
11129 14
11130 2
11131 16
11132 3
11133 3
11134 116
11135 5
11136 1
11137 3
11138 4
11139 7
11140 5
11141 18
11142 4
11143 12
11144 1
11145 1
11146 4
11147 2
11148 4
11149 5
11150 29
11151 20
11152 15
11153 4
11154 14
11155 24
11156 1
11157 2
11158 7
11159 3
11160 1
11161 1
11162 1
11163 1
11164 1
11165 1
11166 2
11167 33
11168 8
11169 3
11170 1
11171 1
11172 9
11173 1
11174 28
11175 5
11176 33
11177 5
11178 5
11179 8
11180 7
11181 4
11182 3
11183 15
11184 5
11185 14
11186 13
11187 9
11188 5
11189 19
11190 3
11191 5
11192 1
11193 2
11194 5
11195 6
11196 3
11197 4
11198 3
11199 14
11200 5
11201 1
11202 11
11203 1
11204 2
11205 8
11206 1
11207 1
11208 8
11209 2
11210 2
11211 40
11212 5
11213 3
11214 3
11215 6
11216 2
11217 60
11218 4
11219 39
11220 10
11221 12
11222 21
11223 9
11224 2
11225 2
11226 8
11227 3
11228 10
11229 3
11230 2
11231 3
11232 15
11233 1
11234 1
11235 6
11236 3
11237 7
11238 7
11239 2
11240 2
11241 10
11242 20
11243 8
11244 6
11245 1
11246 9
11247 1
11248 1
11249 1
11250 1
11251 1
11252 4
11253 2
11254 9
11255 1
11256 3
11257 1
11258 1
11259 1
11260 3
11261 32
11262 10
11263 3
11264 6
11265 2
11266 2
11267 3
11268 2
11269 2
11270 3
11271 2
11272 3
11273 4
11274 3
11275 2
11276 3
11277 2
11278 1
11279 5
11280 1
11281 1
11282 1
11283 1
11284 3
11285 5
11286 8
11287 5
11288 5
11289 2
11290 10
11291 2
11292 5
11293 1
11294 11
11295 4
11296 2
11297 3
11298 1
11299 1
11300 14
11301 14
11302 1
11303 1
11304 1
11305 1
11306 1
11307 2
11308 1
11309 4
11310 3
11311 3
11312 3
11313 14
11314 5
11315 2
11316 5
11317 68
11318 1
11319 4
11320 17
11321 5
11322 1
11323 2
11324 38
11325 4
11326 17
11327 3
11328 3
11329 3
11330 4
11331 1
11332 2
11333 27
11334 83
11335 6
11336 37
11337 3
11338 10
11339 64
11340 23
11341 1
11342 1
11343 2
11344 57
11345 2
11346 4
11347 51
11348 2
11349 2
11350 1
11351 2
11352 11
11353 17
11354 1
11355 107
11356 8
11357 3
11358 16
11359 6
11360 2
11361 11
11362 2
11363 3
11364 11
11365 1
11366 21
11367 6
11368 14
11369 9
11370 2
11371 1
11372 27
11373 5
11374 24
11375 2
11376 12
11377 1
11378 4
11379 3
11380 2
11381 3
11382 18
11383 10
11384 4
11385 9
11386 3
11387 5
11388 10
11389 5
11390 3
11391 4
11392 1
11393 1
11394 1
11395 3
11396 3
11397 3
11398 2
11399 4
11400 77
11401 46
11402 42
11403 34
11404 2
11405 3
11406 1
11407 1
11408 4
11409 13
11410 1
11411 13
11412 5
11413 7
11414 4
11415 2
11416 3
11417 1
11418 2
11419 3
11420 10
11421 3
11422 10
11423 12
11424 3
11425 4
11426 11
11427 62
11428 2
11429 6
11430 11
11431 3
11432 2
11433 1
11434 1
11435 1
11436 1
11437 1
11438 1
11439 65
11440 2
11441 35
11442 3
11443 48
11444 22
11445 3
11446 4
11447 1
11448 2
11449 5
11450 2
11451 15
11452 12
11453 14
11454 6
11455 1
11456 1
11457 5
11458 1
11459 1
11460 7
11461 3
11462 3
11463 1
11464 1
11465 1
11466 2
11467 2
11468 3
11469 6
11470 6
11471 5
11472 13
11473 2
11474 7
11475 3
11476 2
11477 3
11478 19
11479 18
11480 33
11481 12
11482 44
11483 15
11484 21
11485 6
11486 8
11487 63
11488 10
11489 3
11490 2
11491 3
11492 4
11493 6
11494 3
11495 1
11496 4
11497 11
11498 3
11499 3
11500 18
11501 3
11502 3
11503 2
11504 10
11505 7
11506 2
11507 12
11508 3
11509 4
11510 11
11511 3
11512 22
11513 19
11514 7
11515 14
11516 7
11517 35
11518 6
11519 14
11520 3
11521 19
11522 12
11523 2
11524 3
11525 2
11526 7
11527 3
11528 3
11529 3
11530 34
11531 5
11532 4
11533 3
11534 1
11535 3
11536 4
11537 3
11538 44
11539 5
11540 2
11541 1
11542 4
11543 3
11544 2
11545 4
11546 66
11547 2
11548 13
11549 2
11550 15
11551 7
11552 3
11553 1
11554 3
11555 1
11556 2
11557 9
11558 1
11559 1
11560 82
11561 6
11562 9
11563 30
11564 32
11565 8
11566 14
11567 4
11568 3
11569 3
11570 82
11571 3
11572 4
11573 30
11574 5
11575 1
11576 1
11577 4
11578 3
11579 6
11580 42
11581 26
11582 20
11583 5
11584 2
11585 9
11586 3
11587 6
11588 1
11589 2
11590 5
11591 1
11592 1
11593 4
11594 2
11595 121
11596 19
11597 10
11598 125
11599 1
11600 8
11601 125
11602 7
11603 119
11604 103
11605 51
11606 4
11607 10
11608 11
11609 4
11610 3
11611 6
11612 10
11613 5
11614 114
11615 5
11616 5
11617 21
11618 6
11619 12
11620 59
11621 23
11622 5
11623 8
11624 113
11625 10
11626 9
11627 78
11628 3
11629 4
11630 7
11631 1
11632 2
11633 1
11634 116
11635 4
11636 1
11637 21
11638 5
11639 4
11640 1
11641 2
11642 118
11643 3
11644 3
11645 18
11646 4
11647 16
11648 7
11649 29
11650 1
11651 9
11652 3
11653 4
11654 55
11655 1
11656 7
11657 3
11658 125
11659 5
11660 15
11661 7
11662 3
11663 3
11664 75
11665 48
11666 19
11667 7
11668 3
11669 9
11670 4
11671 5
11672 109
11673 1
11674 4
11675 6
11676 27
11677 2
11678 8
11679 10
11680 2
11681 83
11682 8
11683 3
11684 3
11685 9
11686 74
11687 12
11688 2
11689 4
11690 4
11691 1
11692 25
11693 7
11694 3
11695 5
11696 25
11697 11
11698 2
11699 3
11700 9
11701 2
11702 5
11703 9
11704 6
11705 8
11706 82
11707 7
11708 6
11709 4
11710 37
11711 3
11712 10
11713 45
11714 7
11715 1
11716 1
11717 5
11718 2
11719 5
11720 1
11721 10
11722 3
11723 3
11724 2
11725 1
11726 4
11727 69
11728 36
11729 43
11730 3
11731 4
11732 6
11733 46
11734 11
11735 3
11736 5
11737 2
11738 2
11739 5
11740 8
11741 9
11742 2
11743 1
11744 2
11745 32
11746 10
11747 10
11748 2
11749 6
11750 2
11751 2
11752 1
11753 3
11754 3
11755 1
11756 2
11757 1
11758 1
11759 1
11760 1
11761 1
11762 1
11763 1
11764 1
11765 125
11766 1
11767 15
11768 8
11769 4
11770 1
11771 6
11772 3
11773 7
11774 1
11775 1
11776 1
11777 34
11778 6
11779 17
11780 3
11781 7
11782 3
11783 7
11784 3
11785 28
11786 10
11787 1
11788 9
11789 4
11790 6
11791 8
11792 10
11793 12
11794 1
11795 11
11796 6
11797 2
11798 7
11799 5
11800 3
11801 1
11802 4
11803 4
11804 2
11805 43
11806 4
11807 13
11808 30
11809 7
11810 19
11811 13
11812 32
11813 8
11814 2
11815 42
11816 9
11817 2
11818 2
11819 1
11820 2
11821 47
11822 1
11823 1
11824 12
11825 2
11826 1
11827 1
11828 1
11829 2
11830 31
11831 15
11832 1
11833 18
11834 3
11835 11
11836 2
11837 5
11838 2
11839 67
11840 11
11841 5
11842 17
11843 7
11844 4
11845 1
11846 4
11847 3
11848 6
11849 1
11850 3
11851 4
11852 20
11853 29
11854 1
11855 4
11856 1
11857 8
11858 2
11859 3
11860 4
11861 3
11862 6
11863 2
11864 5
11865 8
11866 11
11867 6
11868 5
11869 5
11870 3
11871 3
11872 3
11873 3
11874 5
11875 28
11876 7
11877 2
11878 4
11879 35
11880 18
11881 1
11882 40
11883 67
11884 12
11885 4
11886 5
11887 2
11888 33
11889 4
11890 5
11891 29
11892 7
11893 9
11894 4
11895 2
11896 2
11897 1
11898 19
11899 5
11900 8
11901 4
11902 4
11903 9
11904 5
11905 4
11906 9
11907 4
11908 2
11909 8
11910 2
11911 3
11912 2
11913 6
11914 1
11915 4
11916 14
11917 2
11918 16
11919 32
11920 2
11921 7
11922 11
11923 54
11924 1
11925 29
11926 13
11927 14
11928 5
11929 5
11930 2
11931 4
11932 1
11933 1
11934 1
11935 2
11936 2
11937 2
11938 3
11939 2
11940 3
11941 1
11942 4
11943 1
11944 5
11945 3
11946 13
11947 19
11948 3
11949 9
11950 11
11951 2
11952 39
11953 6
11954 4
11955 3
11956 1
11957 1
11958 13
11959 16
11960 9
11961 4
11962 3
11963 3
11964 1
11965 1
11966 18
11967 11
11968 1
11969 3
11970 10
11971 16
11972 2
11973 3
11974 1
11975 2
11976 4
11977 2
11978 2
11979 2
11980 2
11981 4
11982 4
11983 9
11984 3
11985 3
11986 22
11987 14
11988 4
11989 1
11990 1
11991 5
11992 7
11993 5
11994 1
11995 3
11996 1
11997 7
11998 5
11999 3
12000 1
12001 5
12002 5
12003 3
12004 5
12005 2
12006 3
12007 1
12008 5
12009 1
12010 32
12011 2
12012 1
12013 11
12014 2
12015 1
12016 26
12017 9
12018 2
12019 2
12020 2
12021 1
12022 3
12023 1
12024 1
12025 1
12026 1
12027 2
12028 4
12029 5
12030 4
12031 1
12032 6
12033 2
12034 3
12035 7
12036 3
12037 2
12038 1
12039 12
12040 7
12041 2
12042 4
12043 3
12044 4
12045 1
12046 34
12047 8
12048 6
12049 25
12050 10
12051 2
12052 5
12053 1
12054 1
12055 2
12056 5
12057 29
12058 10
12059 9
12060 6
12061 5
12062 1
12063 13
12064 12
12065 1
12066 35
12067 11
12068 6
12069 2
12070 2
12071 1
12072 10
12073 10
12074 2
12075 3
12076 4
12077 7
12078 1
12079 1
12080 14
12081 5
12082 2
12083 3
12084 8
12085 16
12086 1
12087 12
12088 4
12089 1
12090 120
12091 3
12092 3
12093 3
12094 6
12095 1
12096 11
12097 1
12098 1
12099 1
12100 1
12101 1
12102 3
12103 82
12104 4
12105 1
12106 12
12107 5
12108 93
12109 14
12110 11
12111 3
12112 39
12113 22
12114 2
12115 3
12116 2
12117 16
12118 3
12119 11
12120 3
12121 2
12122 1
12123 2
12124 1
12125 1
12126 1
12127 1
12128 4
12129 4
12130 4
12131 3
12132 5
12133 4
12134 2
12135 3
12136 2
12137 3
12138 1
12139 1
12140 10
12141 4
12142 5
12143 2
12144 1
12145 5
12146 6
12147 3
12148 1
12149 2
12150 4
12151 1
12152 4
12153 3
12154 1
12155 6
12156 4
12157 1
12158 2
12159 8
12160 8
12161 4
12162 4
12163 24
12164 2
12165 5
12166 5
12167 3
12168 3
12169 1
12170 4
12171 4
12172 2
12173 3
12174 2
12175 4
12176 5
12177 11
12178 4
12179 5
12180 4
12181 61
12182 9
12183 2
12184 10
12185 5
12186 1
12187 3
12188 16
12189 1
12190 32
12191 3
12192 25
12193 2
12194 17
12195 2
12196 1
12197 3
12198 2
12199 5
12200 1
12201 3
12202 13
12203 1
12204 10
12205 13
12206 4
12207 8
12208 6
12209 5
12210 10
12211 1
12212 2
12213 3
12214 2
12215 2
12216 7
12217 31
12218 4
12219 26
12220 2
12221 7
12222 20
12223 1
12224 4
12225 12
12226 4
12227 79
12228 25
12229 15
12230 2
12231 3
12232 9
12233 7
12234 24
12235 5
12236 3
12237 1
12238 6
12239 3
12240 7
12241 4
12242 2
12243 11
12244 2
12245 1
12246 4
12247 3
12248 6
12249 27
12250 30
12251 76
12252 2
12253 2
12254 5
12255 5
12256 15
12257 6
12258 11
12259 5
12260 18
12261 10
12262 3
12263 1
12264 1
12265 1
12266 1
12267 1
12268 1
12269 10
12270 2
12271 1
12272 1
12273 14
12274 3
12275 9
12276 3
12277 2
12278 64
12279 39
12280 7
12281 19
12282 13
12283 4
12284 24
12285 6
12286 7
12287 2
12288 110
12289 5
12290 11
12291 120
12292 33
12293 48
12294 9
12295 34
12296 3
12297 4
12298 1
12299 10
12300 34
12301 13
12302 5
12303 9
12304 76
12305 3
12306 104
12307 1
12308 2
12309 11
12310 60
12311 1
12312 6
12313 1
12314 4
12315 4
12316 2
12317 29
12318 19
12319 2
12320 5
12321 10
12322 6
12323 6
12324 14
12325 5
12326 13
12327 2
12328 4
12329 2
12330 2
12331 1
12332 40
12333 1
12334 3
12335 1
12336 3
12337 1
12338 1
12339 1
12340 3
12341 2
12342 2
12343 2
12344 2
12345 1
12346 19
12347 4
12348 2
12349 5
12350 2
12351 1
12352 4
12353 8
12354 16
12355 4
12356 2
12357 10
12358 3
12359 11
12360 3
12361 4
12362 10
12363 4
12364 1
12365 5
12366 1
12367 21
12368 63
12369 2
12370 19
12371 48
12372 4
12373 20
12374 19
12375 3
12376 4
12377 5
12378 5
12379 7
12380 2
12381 5
12382 3
12383 16
12384 17
12385 3
12386 16
12387 3
12388 10
12389 1
12390 2
12391 5
12392 6
12393 16
12394 3
12395 12
12396 10
12397 6
12398 5
12399 26
12400 75
12401 3
12402 14
12403 10
12404 4
12405 4
12406 2
12407 1
12408 3
12409 2
12410 1
12411 1
12412 1
12413 2
12414 1
12415 14
12416 48
12417 3
12418 12
12419 2
12420 26
12421 15
12422 2
12423 1
12424 3
12425 3
12426 1
12427 2
12428 6
12429 49
12430 2
12431 5
12432 1
12433 2
12434 3
12435 2
12436 1
12437 15
12438 21
12439 1
12440 2
12441 38
12442 3
12443 3
12444 14
12445 3
12446 1
12447 7
12448 19
12449 6
12450 3
12451 3
12452 3
12453 3
12454 33
12455 2
12456 10
12457 2
12458 6
12459 1
12460 11
12461 1
12462 1
12463 4
12464 1
12465 1
12466 88
12467 1
12468 4
12469 1
12470 2
12471 46
12472 10
12473 5
12474 5
12475 4
12476 7
12477 6
12478 4
12479 3
12480 2
12481 3
12482 5
12483 1
12484 35
12485 10
12486 3
12487 14
12488 4
12489 3
12490 10
12491 3
12492 1
12493 2
12494 16
12495 1
12496 2
12497 5
12498 4
12499 3
12500 12
12501 5
12502 7
12503 2
12504 3
12505 10
12506 2
12507 4
12508 3
12509 4
12510 3
12511 2
12512 8
12513 1
12514 1
12515 4
12516 1
12517 2
12518 23
12519 4
12520 3
12521 1
12522 11
12523 3
12524 3
12525 1
12526 1
12527 9
12528 14
12529 1
12530 3
12531 1
12532 51
12533 3
12534 2
12535 4
12536 5
12537 4
12538 9
12539 1
12540 5
12541 6
12542 1
12543 10
12544 2
12545 2
12546 2
12547 7
12548 1
12549 2
12550 8
12551 17
12552 1
12553 1
12554 1
12555 3
12556 2
12557 5
12558 1
12559 1
12560 37
12561 2
12562 1
12563 1
12564 1
12565 1
12566 2
12567 1
12568 39
12569 3
12570 3
12571 3
12572 13
12573 13
12574 2
12575 1
12576 2
12577 3
12578 5
12579 7
12580 2
12581 5
12582 4
12583 6
12584 2
12585 1
12586 2
12587 4
12588 3
12589 48
12590 10
12591 26
12592 4
12593 6
12594 13
12595 5
12596 1
12597 2
12598 16
12599 3
12600 3
12601 1
12602 102
12603 2
12604 2
12605 7
12606 3
12607 1
12608 1
12609 4
12610 1
12611 3
12612 2
12613 3
12614 5
12615 3
12616 73
12617 22
12618 3
12619 3
12620 30
12621 10
12622 2
12623 2
12624 1
12625 2
12626 1
12627 2
12628 121
12629 21
12630 5
12631 3
12632 1
12633 1
12634 2
12635 45
12636 4
12637 1
12638 4
12639 11
12640 3
12641 1
12642 4
12643 3
12644 16
12645 7
12646 7
12647 2
12648 2
12649 2
12650 1
12651 13
12652 4
12653 5
12654 5
12655 39
12656 1
12657 3
12658 4
12659 1
12660 24
12661 12
12662 2
12663 1
12664 1
12665 1
12666 30
12667 4
12668 2
12669 4
12670 1
12671 4
12672 9
12673 2
12674 88
12675 7
12676 2
12677 4
12678 5
12679 18
12680 35
12681 1
12682 5
12683 3
12684 7
12685 89
12686 12
12687 5
12688 7
12689 3
12690 1
12691 6
12692 1
12693 1
12694 1
12695 1
12696 2
12697 2
12698 3
12699 1
12700 1
12701 2
12702 74
12703 5
12704 7
12705 114
12706 9
12707 100
12708 3
12709 28
12710 3
12711 2
12712 68
12713 124
12714 99
12715 1
12716 11
12717 2
12718 48
12719 1
12720 2
12721 58
12722 3
12723 4
12724 34
12725 49
12726 16
12727 3
12728 1
12729 1
12730 30
12731 40
12732 1
12733 12
12734 2
12735 3
12736 4
12737 3
12738 3
12739 18
12740 7
12741 1
12742 4
12743 1
12744 3
12745 9
12746 114
12747 19
12748 6
12749 7
12750 6
12751 3
12752 1
12753 1
12754 19
12755 3
12756 3
12757 1
12758 1
12759 2
12760 2
12761 7
12762 1
12763 3
12764 3
12765 3
12766 5
12767 2
12768 125
12769 7
12770 3
12771 64
12772 85
12773 7
12774 9
12775 5
12776 1
12777 2
12778 2
12779 1
12780 5
12781 1
12782 2
12783 5
12784 2
12785 4
12786 5
12787 1
12788 6
12789 8
12790 1
12791 104
12792 4
12793 17
12794 5
12795 3
12796 1
12797 1
12798 3
12799 35
12800 1
12801 9
12802 1
12803 1
12804 4
12805 3
12806 1
12807 12
12808 2
12809 1
12810 1
12811 1
12812 5
12813 5
12814 1
12815 1
12816 1
12817 113
12818 13
12819 7
12820 70
12821 10
12822 9
12823 5
12824 4
12825 8
12826 3
12827 108
12828 2
12829 9
12830 38
12831 2
12832 19
12833 2
12834 2
12835 1
12836 23
12837 1
12838 60
12839 18
12840 66
12841 5
12842 38
12843 10
12844 2
12845 1
12846 17
12847 6
12848 12
12849 4
12850 72
12851 3
12852 2
12853 1
12854 2
12855 3
12856 1
12857 1
12858 1
12859 2
12860 6
12861 12
12862 3
12863 5
12864 16
12865 1
12866 5
12867 2
12868 1
12869 44
12870 17
12871 3
12872 8
12873 7
12874 1
12875 2
12876 1
12877 1
12878 4
12879 4
12880 1
12881 4
12882 19
12883 1
12884 5
12885 1
12886 5
12887 2
12888 1
12889 1
12890 1
12891 45
12892 3
12893 22
12894 2
12895 2
12896 1
12897 1
12898 4
12899 1
12900 1
12901 8
12902 5
12903 2
12904 6
12905 2
12906 12
12907 1
12908 3
12909 3
12910 1
12911 1
12912 1
12913 3
12914 1
12915 1
12916 7
12917 2
12918 6
12919 4
12920 1
12921 1
12922 3
12923 2
12924 1
12925 3
12926 2
12927 4
12928 4
12929 22
12930 8
12931 2
12932 3
12933 3
12934 1
12935 1
12936 1
12937 37
12938 2
12939 41
12940 2
12941 5
12942 2
12943 2
12944 2
12945 3
12946 5
12947 1
12948 1
12949 6
12950 1
12951 5
12952 5
12953 37
12954 7
12955 2
12956 6
12957 1
12958 3
12959 1
12960 2
12961 1
12962 2
12963 3
12964 1
12965 4
12966 6
12967 1
12968 35
12969 8
12970 4
12971 1
12972 3
12973 1
12974 5
12975 3
12976 2
12977 1
12978 4
12979 3
12980 1
12981 24
12982 7
12983 1
12984 11
12985 1
12986 1
12987 12
12988 7
12989 4
12990 10
12991 1
12992 2
12993 6
12994 1
12995 4
12996 3
12997 2
12998 3
12999 1
13000 1
13001 1
13002 1
13003 1
13004 1
13005 1
13006 3
13007 3
13008 2
13009 1
13010 1
13011 2
13012 3
13013 5
13014 2
13015 3
13016 1
13017 19
13018 4
13019 15
13020 1
13021 10
13022 40
13023 4
13024 1
13025 5
13026 2
13027 2
13028 1
13029 1
13030 14
13031 2
13032 1
13033 3
13034 1
13035 2
13036 1
13037 8
13038 20
13039 4
13040 11
13041 5
13042 1
13043 12
13044 2
13045 1
13046 4
13047 1
13048 2
13049 4
13050 1
13051 1
13052 2
13053 1
13054 1
13055 16
13056 3
13057 14
13058 1
13059 1
13060 4
13061 1
13062 1
13063 3
13064 3
13065 2
13066 3
13067 1
13068 1
13069 4
13070 1
13071 3
13072 3
13073 6
13074 15
13075 2
13076 1
13077 9
13078 4
13079 2
13080 32
13081 4
13082 5
13083 1
13084 20
13085 8
13086 1
13087 2
13088 3
13089 3
13090 5
13091 4
13092 1
13093 2
13094 5
13095 2
13096 2
13097 21
13098 7
13099 18
13100 16
13101 4
13102 1
13103 1
13104 1
13105 3
13106 2
13107 1
13108 1
13109 1
13110 1
13111 1
13112 2
13113 2
13114 4
13115 1
13116 2
13117 1
13118 4
13119 1
13120 3
